71C65	0	8439684.05	5927363.41
71C65	1	8439681.26	5927343.829999999
71C65	2	8439672.68	5927285.699999999
71C65	3	8439670.090000002	5927268.190000001
71C65	4	8439666.76	5927245.629999999
71C65	5	8439676.91983612	5927266.971782442
71C65	6	8439680.469968399	5927284.440846952
71C65	7	8439684.50551987	5927308.765358493
71C65	8	8439687.209093207	5927343.065000001
71C65	9	8439686.366572654	5927351.687270236
71C65	10	8439684.05	5927363.41
71C6D	0	8439577.68	5927437.24
71C6D	1	8439531.979999999	5927444.45
71C6D	2	8439531.271	5927439.943
71C6D	3	8439563.235	5927435.094999999
71C6D	4	8439577.68	5927437.24
71C6F	0	8440377.01	5928864.019999999
71C6F	1	8440347.53	5928883.12
71C6F	2	8440346.029	5928880.643
71C6F	3	8440370.476	5928866.782
71C6F	4	8440377.01	5928864.019999999
71C71	0	8440571.08	5928898.03
71C71	1	8440597.09	5928893.97
71C71	2	8440596.989999998	5928900.965999999
71C71	3	8440571.08	5928898.03
71C73	0	8440559.025	5930325.743
71C73	1	8440642.183	5930310.397999999
71C73	2	8440699.703	5930304.306
71C73	3	8440700.13	5930306.809999999
71C73	4	8440547.460191809	5930330.687737167
71C73	5	8440559.025	5930325.743
71C75	0	8441005.628746878	5933732.050284917
71C75	1	8440993.561840944	5933734.793892852
71C75	2	8440996.681426141	5933839.106336481
71C75	3	8440999.52290777	5933876.04260135
71C75	4	8441012.484891418	5933935.928106603
71C75	5	8441012.074711187	5933940.426416488
71C75	6	8441030.227	5933935.539
71C75	7	8441048.184410105	5933933.394010738
71C75	8	8441046.580185693	5933921.609396597
71C75	9	8441046.674883768	5933909.8261847
71C75	10	8441052.454665681	5933909.112828864
71C75	11	8441055.51650631	5933922.874188437
71C75	12	8441058.224925807	5933937.997215443
71C75	13	8441061.231	5933939.747000001
71C75	14	8441107.042999998	5933930.686
71C75	15	8441107.165	5933931.433999999
71C75	16	8441055.683	5933941.438999998
71C75	17	8441051.769	5933942.267
71C75	18	8441013.71836359	5933949.899637193
71C75	19	8441015.156591242	5933958.603079376
71C75	20	8441052.715999998	5933951.58
71C75	21	8441053.633	5933958.298999999
71C75	22	8441034.472000001	5933963.185
71C75	23	8441016.66597736	5933965.199436409
71C75	24	8441021.892	5933974.528
71C75	25	8441027.349	5934008.352999999
71C75	26	8441034.499	5934049.487000001
71C75	27	8441032.970753998	5934058.578427559
71C75	28	8441038.658942392	5934088.667014471
71C75	29	8441045.65288249	5934120.82730595
71C75	30	8441062.278999997	5934178.664
71C75	31	8441067.117999999	5934178.191
71C75	32	8441072.166000001	5934211.478999999
71C75	33	8441088.420999998	5934203.022999999
71C75	34	8441089.863	5934212.938999999
71C75	35	8441100.461000001	5934285.231000001
71C75	36	8441109.515	5934282.721
71C75	37	8441108.19	5934273.75
71C75	38	8441099.335	5934211.88
71C75	39	8441095.391	5934184.033
71C75	40	8441119.412	5934181.72
71C75	41	8441121.26266811	5934194.991576863
71C75	42	8441140.587856986	5934192.907475909
71C75	43	8441156.24116307	5934235.86165787
71C75	44	8441151.441402579	5934241.751543388
71C75	45	8441120.995059164	5934251.858387512
71C75	46	8441124.656380378	5934258.854569155
71C75	47	8441126.508	5934271.034
71C75	48	8441146.087000001	5934268.131
71C75	49	8441156.258	5934331.449
71C75	50	8441165.650595825	5934399.301717057
71C75	51	8441174.291410586	5934422.139366678
71C75	52	8441187.896846348	5934423.826873414
71C75	53	8441190.389761314	5934441.099999999
71C75	54	8441166.764	5934445.106
71C75	55	8441146.629	5934448.517999999
71C75	56	8441156.314999998	5934470.476
71C75	57	8441176.434	5934530.931
71C75	58	8441177.507481035	5934544.507594056
71C75	59	8441185.358409973	5934568.823575041
71C75	60	8441205.268758105	5934634.269619679
71C75	61	8441235.483148122	5934741.984315459
71C75	62	8441246.872195005	5934781.378183237
71C75	63	8441267.464592945	5934847.469945749
71C75	64	8441275.889086433	5934877.932
71C75	65	8441282.562	5934894.888999999
71C75	66	8441287.807	5934913.698
71C75	67	8441295.712999998	5934950.333999999
71C75	68	8441305.767	5934963.589
71C75	69	8441312.948718106	5934966.347485977
71C75	70	8441329.89707531	5934966.067360306
71C75	71	8441328.818	5934958.657000001
71C75	72	8441336.87	5934956.022000001
71C75	73	8441339.319	5934959.962
71C75	74	8441383.813	5934960.111
71C75	75	8441384.889	5934967.46
71C75	76	8441389.010499049	5934969.909010938
71C75	77	8441454.603	5934962.086
71C75	78	8441455.375	5934967.317
71C75	79	8441314.813343106	5934986.705965216
71C75	80	8441315.482110798	5934995.678670033
71C75	81	8441448.384	5934977.350999999
71C75	82	8441445.534999998	5934980.368
71C75	83	8441412.739	5934985.357000001
71C75	84	8441408.197999999	5934992.127
71C75	85	8441402.8	5934996.218999999
71C75	86	8441394.782	5934997.167999999
71C75	87	8441367.184	5935000.994000001
71C75	88	8441324.423	5935013.125
71C75	89	8441323.270853093	5935004.862630068
71C75	90	8441316.37196592	5935006.841577128
71C75	91	8441300.820623085	5935011.297695385
71C75	92	8441304.967	5935045.957
71C75	93	8441307.884	5935101.257
71C75	94	8441308.929	5935111.384999999
71C75	95	8441312.154	5935127.621
71C75	96	8441312.987	5935131.842
71C75	97	8441327.761	5935152.577999999
71C75	98	8441328.231	5935168.912
71C75	99	8441327.825	5935203.435
71C75	100	8441328.368158067	5935213.517312249
71C75	101	8441336.397	5935276.332
71C75	102	8441342.901	5935318.051
71C75	103	8441349.060000002	5935358.212000001
71C75	104	8441360.431000002	5935356.736000001
71C75	105	8441364.839	5935358.852999999
71C75	106	8441372.609	5935407.513
71C75	107	8441357.847000003	5935412.876
71C75	108	8441361.879962333	5935442.757647656
71C75	109	8441369.63509466	5935494.586903469
71C75	110	8441372.051212776	5935510.912637247
71C75	111	8441378.23591733	5935553.392655451
71C75	112	8441380.750757897	5935571.970553445
71C75	113	8441385.023791328	5935604.006873975
71C75	114	8441389.902999999	5935646.626
71C75	115	8441433.641711244	5935643.30996782
71C75	116	8441433.919537097	5935648.53830609
71C75	117	8441433.90118586	5935666.275799936
71C75	118	8441424.534282131	5935670.2549799
71C75	119	8441426.29070845	5935687.752268871
71C75	120	8441439.96395662	5935772.482561174
71C75	121	8441463.256487275	5935835.496229989
71C75	122	8441470.735884514	5935857.209057425
71C75	123	8441469.534000002	5935878.342000001
71C75	124	8441478.029	5935897.948
71C75	125	8441497.495	5935892.142000001
71C75	126	8441503.377999999	5935911.03
71C75	127	8441510.145	5935936.441000001
71C75	128	8441518.252	5935959.367999999
71C75	129	8441513.329000002	5935967.125000001
71C75	130	8441493.06	5935974.236
71C75	131	8441491.524063995	5935980.53417693
71C75	132	8441496.188101197	5935997.572428938
71C75	133	8441494.848951912	5936004.487693951
71C75	134	8441525.748227045	5936112.056023896
71C75	135	8441534.71700531	5936133.197511468
71C75	136	8441540.55725141	5936161.055574141
71C75	137	8441596.081886094	5936349.96352951
71C75	138	8441605.509652868	5936372.509016355
71C75	139	8441615.135914318	5936410.058048818
71C75	140	8441638.353299402	5936494.170224388
71C75	141	8441671.517329002	5936603.197701113
71C75	142	8441697.504063768	5936643.71100377
71C75	143	8441704.470529016	5936657.159414155
71C75	144	8441710.827139404	5936674.886436945
71C75	145	8441713.049499208	5936681.084051786
71C75	146	8441735.999	5936679.085
71C75	147	8441737.061	5936685.927
71C75	148	8441676.931233773	5936695.292523262
71C75	149	8441678.160442276	5936701.173163574
71C75	150	8441738.038999997	5936691.843999999
71C75	151	8441738.775	5936696.987000001
71C75	152	8441717.589181108	5936702.181017162
71C75	153	8441718.476159165	5936712.062291437
71C75	154	8441719.468770133	5936723.120356707
71C75	155	8441718.108827299	5936741.068665766
71C75	156	8441717.237050861	5936781.04336476
71C75	157	8441722.059048641	5936809.389409334
71C75	158	8441729.176049383	5936864.662897319
71C75	159	8441733.925994232	5936911.004848614
71C75	160	8441739.246315572	5936948.163408535
71C75	161	8441743.124127436	5936965.513144957
71C75	162	8441748.469167268	5936983.054709018
71C75	163	8441751.257445583	5936991.065918157
71C75	164	8441752.569253009	5936994.834969325
71C75	165	8441760.26862577	5936998.223467508
71C75	166	8441780.989531284	5936996.633501312
71C75	167	8441781.612722628	5936999.352839377
71C75	168	8441736.93	5937006.78
71C75	169	8441738.707999999	5937015.606000001
71C75	170	8441724.965462977	5937017.84771274
71C75	171	8441728.312658666	5937043.843611944
71C75	172	8441736.791000001	5937086.176
71C75	173	8441744.168	5937136.025
71C75	174	8441747.243	5937157.546
71C75	175	8441748.377	5937187.76
71C75	176	8441749.817	5937202.778
71C75	177	8441754.691	5937239.797999999
71C75	178	8441755.372000001	5937280.518999999
71C75	179	8441754.242162395	5937320.204483823
71C75	180	8441763.684025014	5937433.507511423
71C75	181	8441778.243698565	5937431.175697374
71C75	182	8441793.909423549	5937428.665424257
71C75	183	8441798.332	5937435.554999999
71C75	184	8441779.508811442	5937438.658284665
71C75	185	8441781.125848485	5937447.521098389
71C75	186	8441765.096400177	5937450.157977831
71C75	187	8441768.684220789	5937497.397330296
71C75	188	8441774.151575672	5937546.401523986
71C75	189	8441775.508730588	5937571.401582301
71C75	190	8441787.299699247	5937680.535750607
71C75	191	8441788.626810968	5937695.55759754
71C75	192	8441792.603490563	5937721.051333855
71C75	193	8441804.663822662	5937844.986335112
71C75	194	8441805.12232161	5937870.090204829
71C75	195	8441816.482262883	5938006.202083799
71C75	196	8441819.78773367	5938045.795213282
71C75	197	8441835.815289497	5938043.060561601
71C75	198	8441851.624294253	5938040.36400749
71C75	199	8441863.259	5938048.120000001
71C75	200	8441836.684592001	5938052.6583454
71C75	201	8441837.440151649	5938061.595903199
71C75	202	8441851.864075232	5938059.165719915
71C75	203	8441857.045872997	5938094.185418825
71C75	204	8441840.391836707	5938096.948463664
71C75	205	8441824.421895066	5938099.651811119
71C75	206	8441826.845813394	5938127.716427072
71C75	207	8441828.979238788	5938154.335147268
71C75	208	8441852.254382137	5938143.764813027
71C75	209	8441874.203	5938133.797
71C75	210	8441918.192000002	5938099.452999999
71C75	211	8441953.458999999	5938076.963999999
71C75	212	8441995.222	5938049.245000001
71C75	213	8441997.116	5938051.715
71C75	214	8441902.210000003	5938124.069999999
71C75	215	8441858.626159798	5938157.285347098
71C75	216	8441865.535614839	5938172.373391493
71C75	217	8441907.29	5938140.68
71C75	218	8441944.3	5938112.590000001
71C75	219	8442007.492999999	5938064.632
71C75	220	8442008.803	5938066.519999999
71C75	221	8441975.064	5938092.91
71C75	222	8441975.98	5938098.746
71C75	223	8441959.174	5938114.868
71C75	224	8441947.09	5938129.369000001
71C75	225	8441912.041000001	5938169.878
71C75	226	8441910.028	5938157.507
71C75	227	8441898.091	5938169.669
71C75	228	8441885.062	5938180.628
71C75	229	8441871.926408809	5938187.844716483
71C75	230	8441865.255	5938191.51
71C75	231	8441845.9	5938197.275000001
71C75	232	8441833.360351965	5938201.077019705
71C75	233	8441839.080670193	5938268.237992635
71C75	234	8441845.03002908	5938338.952597177
71C75	235	8441858.036330525	5938452.078588864
71C75	236	8441862.726541024	5938490.893735146
71C75	237	8441872.381000001	5938553.587999999
71C75	238	8441872.986882403	5938566.850803024
71C75	239	8441872.81	5938582.581
71C75	240	8441878.64794777	5938618.328737286
71C75	241	8441894.090293683	5938630.492343135
71C75	242	8441912.255943187	5938629.058056484
71C75	243	8441924.32305487	5938628.339094342
71C75	244	8441933.799	5938629.377999999
71C75	245	8441957.945	5938626.069
71C75	246	8441958.09	5938626.989
71C75	247	8441912.873	5938633.892000001
71C75	248	8441914.522000002	5938648.752999999
71C75	249	8441960.41	5938641.74
71C75	250	8441960.786	5938644.546
71C75	251	8441949.21043883	5938647.656806994
71C75	252	8441926.925	5938651.483
71C75	253	8441915.22659656	5938655.103922925
71C75	254	8441900.371321283	5938660.056965841
71C75	255	8441882.334105885	5938683.222941534
71C75	256	8441879.532063855	5938692.107019606
71C75	257	8441883.827087022	5938728.769577054
71C75	258	8441886.897046927	5938755.913487272
71C75	259	8441891.123362087	5938804.144667679
71C75	260	8441894.278574768	5938841.709584734
71C75	261	8441899.514486529	5938903.208063078
71C75	262	8441903.225278394	5938948.486077586
71C75	263	8441904.325083124	5938982.905670598
71C75	264	8441905.402999999	5939042.312999999
71C75	265	8441902.950255197	5939095.124906211
71C75	266	8441901.39858198	5939120.691903078
71C75	267	8441899.476272292	5939144.301144396
71C75	268	8441894.53197361	5939177.860911337
71C75	269	8441890.91200205	5939204.404628268
71C75	270	8441894.391	5939229.083999999
71C75	271	8441905.560491472	5939228.135803285
71C75	272	8441959.097000001	5939223.591
71C75	273	8441960.135	5939230.387
71C75	274	8441905.379486293	5939238.710330437
71C75	275	8441905.31137545	5939247.756751671
71C75	276	8441961.701	5939239.255
71C75	277	8441962.712000001	5939249.611000001
71C75	278	8441908.36	5939261.145
71C75	279	8441905.232695987	5939261.519324905
71C75	280	8441879.687999997	5939264.576
71C75	281	8441890.97	5939351.94
71C75	282	8441864.325517414	5939355.401751391
71C75	283	8441859.986916522	5939374.381993615
71C75	284	8441842.706959097	5939440.441230691
71C75	285	8441836.822689928	5939462.098964943
71C75	286	8441817.22466921	5939523.185872282
71C75	287	8441812.200780876	5939540.188178775
71C75	288	8441799.007782912	5939583.542555103
71C75	289	8441780.904475125	5939651.4006913
71C75	290	8441799.76	5939648.678
71C75	291	8441815.775000002	5939646.364
71C75	292	8441832.93	5939643.88
71C75	293	8441856.25	5939640.289999999
71C75	294	8441871.075	5939638.009
71C75	295	8441866.137999998	5939644.917
71C75	296	8441857.001	5939646.486
71C75	297	8441836.242	5939650.218999999
71C75	298	8441820.478552794	5939660.861672169
71C75	299	8441808.067842344	5939675.304272961
71C75	300	8441784.84	5939757.822000001
71C75	301	8441785.207	5939774.075
71C75	302	8441775.565	5939806.127999999
71C75	303	8441770.129	5939834.107000002
71C75	304	8441770.441	5939864.899
71C75	305	8441769.651	5939878.329999999
71C75	306	8441769.668	5939905.889
71C75	307	8441765.441	5939920.768999999
71C75	308	8441795.458999999	5939930.707000001
71C75	309	8441792.125	5939942.628999999
71C75	310	8441760.686000003	5939933.597
71C75	311	8441758.565	5939939.289999999
71C75	312	8441790.377	5939948.376000001
71C75	313	8441789.23	5939952.017000002
71C75	314	8441756.988999998	5939943.894999999
71C75	315	8441727.859	5939939.206
71C75	316	8441720.937	5939963.267999998
71C75	317	8441711.111	5939960.652
71C75	318	8441697.897	5940002.992000001
71C75	319	8441686.697999999	5940042.277000001
71C75	320	8441635.9	5940023.919999999
71C75	321	8441633.59	5940021.799999999
71C75	322	8441626.35	5940018.78
71C75	323	8441621.94	5940017.809999999
71C75	324	8441635.97	5939926.169999999
71C75	325	8441633.063	5939904.527000001
71C75	326	8441616.99	5939898.019999999
71C75	327	8441635.367	5939815.775
71C75	328	8441637.239411065	5939796.641
71C75	329	8441639.56	5939797.009999999
71C75	330	8441640.16	5939800.85
71C75	331	8441652.3	5939897.17
71C75	332	8441657.58	5939893.2
71C75	333	8441646.539999997	5939795.19
71C75	334	8441648.341	5939785.967999999
71C75	335	8441651.163999999	5939771.507999999
71C75	336	8441656.699675873	5939769.489372382
71C75	337	8441672.590746053	5939766.268283411
71C75	338	8441709.918253675	5939777.696382264
71C75	339	8441744.676528443	5939661.095462479
71C75	340	8441744.89689453	5939650.687051518
71C75	341	8441715.912	5939654.922
71C75	342	8441725.228	5939642.833
71C75	343	8441745.134	5939639.488
71C75	344	8441750.802487403	5939638.5779792
71C75	345	8441761.364008812	5939602.28173098
71C75	346	8441790.071772646	5939487.130481624
71C75	347	8441795.580458682	5939459.95890629
71C75	348	8441804.038017975	5939421.930324582
71C75	349	8441796.53	5939364.209999999
71C75	350	8441815.2514278	5939361.777641686
71C75	351	8441828.954739943	5939290.353839449
71C75	352	8441828.077145865	5939277.467287292
71C75	353	8441765.749698486	5939283.792680638
71C75	354	8441743.639000002	5939282.616
71C75	355	8441742.173	5939272.552
71C75	356	8441826.66724181	5939259.770998452
71C75	357	8441825.935930008	5939250.776431432
71C75	358	8441741.423999999	5939263.565
71C75	359	8441740.559	5939256.673999999
71C75	360	8441823.283647945	5939218.155422476
71C75	361	8441832.200688403	5939203.539657812
71C75	362	8441844.84277182	5939181.384156195
71C75	363	8441848.106610918	5939150.777311692
71C75	364	8441834.72	5939053.41
71C75	365	8441855.4279297	5939050.168549265
71C75	366	8441858.415841803	5938982.151116062
71C75	367	8441858.93995009	5938882.734926939
71C75	368	8441854.493025348	5938810.817885017
71C75	369	8441845.685805827	5938744.693636725
71C75	370	8441844.667768467	5938711.516626882
71C75	371	8441843.460700443	5938693.884391774
71C75	372	8441823.779150596	5938681.312710993
71C75	373	8441802.55080848	5938681.340300352
71C75	374	8441788.932000002	5938681.357999999
71C75	375	8441773.625000002	5938680.347999999
71C75	376	8441767.423	5938673.657
71C75	377	8441766.995	5938671.297
71C75	378	8441810.613	5938664.632
71C75	379	8441808.435	5938649.841
71C75	380	8441764.342	5938656.575
71C75	381	8441764.072999999	5938654.597000001
71C75	382	8441785.15	5938651.032000001
71C75	383	8441789.721	5938644.748999999
71C75	384	8441797.963	5938638.12
71C75	385	8441821.972000001	5938636.007
71C75	386	8441827.21	5938630.437000001
71C75	387	8441826.182000002	5938623.822000001
71C75	388	8441837.96587955	5938614.11359841
71C75	389	8441838.297490159	5938605.3501048
71C75	390	8441830.144774757	5938525.548117605
71C75	391	8441824.166734418	5938457.730151718
71C75	392	8441814.628392048	5938352.76956426
71C75	393	8441805.33205289	5938248.364419037
71C75	394	8441800.886390625	5938236.072963011
71C75	395	8441794.36	5938226.678999999
71C75	396	8441791.502999999	5938214.884
71C75	397	8441790.217893342	5938209.578493164
71C75	398	8441769.24	5938225.65
71C75	399	8441610.439	5938347.139999999
71C75	400	8441607.156	5938343.441
71C75	401	8441619.595	5938331.156
71C75	402	8441622.363	5938321.945
71C75	403	8441638.756000001	5938312.232
71C75	404	8441654.623000002	5938293.985
71C75	405	8441668.315	5938273.217999999
71C75	406	8441673.583999999	5938265.974
71C75	407	8441691.526	5938233.109
71C75	408	8441698.572	5938221.563999999
71C75	409	8441708.579	5938208.339
71C75	410	8441720.803	5938195.49
71C75	411	8441733.602000002	5938185.714
71C75	412	8441746.365	5938178.360000001
71C75	413	8441759.927000001	5938172.147999999
71C75	414	8441778.828	5938165.033999999
71C75	415	8441784.607531957	5938154.779839646
71C75	416	8441788.644452283	5938128.125905129
71C75	417	8441787.390331732	5938114.97605615
71C75	418	8441782.438175742	5938086.744906114
71C75	419	8441779.366839213	5938071.377164666
71C75	420	8441778.138200179	5938062.457405147
71C75	421	8441755.984	5938066.187999999
71C75	422	8441762.682	5938054.464
71C75	423	8441776.16736596	5938051.730200093
71C75	424	8441767.545035815	5937987.970790569
71C75	425	8441760.049363341	5937928.621587361
71C75	426	8441748.621714596	5937841.972529651
71C75	427	8441740.9197638	5937741.900340699
71C75	428	8441739.978235362	5937691.676089839
71C75	429	8441739.007235058	5937608.384333895
71C75	430	8441738.821788868	5937581.406588178
71C75	431	8441720.232640713	5937467.682740255
71C75	432	8441716.593419315	5937468.123201032
71C75	433	8441706.538175303	5937459.752026255
71C75	434	8441731.351661889	5937455.695783702
71C75	435	8441730.355384672	5937446.762841085
71C75	436	8441725.06267782	5937398.628474976
71C75	437	8441718.10054738	5937326.21674335
71C75	438	8441714.821289672	5937293.024667828
71C75	439	8441705.971030883	5937249.575852369
71C75	440	8441703.89571693	5937217.784783934
71C75	441	8441697.496659804	5937192.448475177
71C75	442	8441694.261956431	5937160.602326679
71C75	443	8441693.446038714	5937144.203277556
71C75	444	8441690.735	5937112.412000001
71C75	445	8441684.728892457	5937082.763547232
71C75	446	8441682.365282973	5937048.145728458
71C75	447	8441686.018635591	5937031.648470547
71C75	448	8441685.244301207	5937024.492176568
71C75	449	8441645.4	5937031.113999999
71C75	450	8441643.924008967	5937022.237053932
71C75	451	8441629.017889416	5936936.975151358
71C75	452	8441634.070382267	5936929.083910356
71C75	453	8441654.840949778	5936924.960663844
71C75	454	8441622.846	5936727.193
71C75	455	8441620.734183	5936723.978001039
71C75	456	8441618.348268632	5936716.9187675
71C75	457	8441584.426000003	5936720.129
71C75	458	8441582.283	5936718.481
71C75	459	8441620.060367515	5936710.209885835
71C75	460	8441619	5936704.31
71C75	461	8441578.410248347	5936713.184403144
71C75	462	8441581.653337594	5936704.228523909
71C75	463	8441582.203260781	5936690.602594551
71C75	464	8441586.516676236	5936680.282611876
71C75	465	8441589.401699804	5936675.382292308
71C75	466	8441596.038389305	5936658.90408073
71C75	467	8441597.122400707	5936652.098927313
71C75	468	8441594.956163218	5936634.571252189
71C75	469	8441574.431196932	5936547.651872881
71C75	470	8441569.373234466	5936537.692612231
71C75	471	8441564.120510258	5936515.936370581
71C75	472	8441556.350815121	5936482.628560447
71C75	473	8441540.91301672	5936422.795061302
71C75	474	8441533.109734027	5936398.020363013
71C75	475	8441520.530397648	5936392.039915491
71C75	476	8441516.902682193	5936373.794325603
71C75	477	8441529.831	5936371.623
71C75	478	8441524.05305307	5936328.408661014
71C75	479	8441500.156304061	5936249.687486983
71C75	480	8441485.071826981	5936199.658422835
71C75	481	8441468.962528475	5936143.693329762
71C75	482	8441463.777	5936144.299
71C75	483	8441459.090815747	5936109.070137674
71C75	484	8441447.556854557	5936074.286589395
71C75	485	8441428.132081455	5936010.646514531
71C75	486	8441417.020289116	5935974.727559206
71C75	487	8441408.12037177	5935948.141556598
71C75	488	8441399.657035924	5935923.013097132
71C75	489	8441396.972000001	5935910.997
71C75	490	8441393.115	5935911.122000001
71C75	491	8441390.832999999	5935898.375999999
71C75	492	8441384.929	5935885.933999998
71C75	493	8441375.432	5935864.105
71C75	494	8441363.789037803	5935858.313301708
71C75	495	8441359.28518136	5935834.814613506
71C75	496	8441347.39577468	5935825.047404351
71C75	497	8441338.643803556	5935770.500749101
71C75	498	8441366.843369516	5935764.404078606
71C75	499	8441356.117	5935704.533
71C75	500	8441327	5935651.397999999
71C75	501	8441331.532000002	5935651.054
71C75	502	8441328.621	5935645.792
71C75	503	8441349.369922591	5935644.207770654
71C75	504	8441349.188076552	5935640.731418325
71C75	505	8441344.552587984	5935613.028485598
71C75	506	8441337.333999999	5935564.642000001
71C75	507	8441332.964	5935535.942000001
71C75	508	8441328.339	5935504.423999999
71C75	509	8441310.559	5935385.166000001
71C75	510	8441310.179898838	5935377.550569589
71C75	511	8441307.761845669	5935362.777323415
71C75	512	8441299.649920762	5935351.614697053
71C75	513	8441291.306151805	5935315.23001292
71C75	514	8441300.196335837	5935314.205105706
71C75	515	8441298.237031395	5935301.785885155
71C75	516	8441295.828420833	5935283.863804868
71C75	517	8441273.708999999	5935265.433999999
71C75	518	8441246.299	5935260.044999999
71C75	519	8441242.062	5935228.497999999
71C75	520	8441259.477881307	5935221.530945105
71C75	521	8441265.107	5935213
71C75	522	8441271.056999998	5935198.917
71C75	523	8441268.975	5935180.874
71C75	524	8441265.025	5935146.641
71C75	525	8441274.025069447	5935121.152958917
71C75	526	8441268.8246645	5935103.132608835
71C75	527	8441256.703837821	5935041.043089669
71C75	528	8441248.30344217	5935028.197519555
71C75	529	8441215.405	5935029.992000001
71C75	530	8441214.523000002	5935023.383999999
71C75	531	8441212.715	5935009.844999999
71C75	532	8441245.300000003	5935005.356
71C75	533	8441243.932	5934996.489
71C75	534	8441211.506000001	5935000.963
71C75	535	8441208.973	5934983.294
71C75	536	8441207.24	5934971.267999999
71C75	537	8441236.499701219	5934962.224560634
71C75	538	8441236.403142909	5934953.317698961
71C75	539	8441227.94808349	5934899.617496738
71C75	540	8441216.319014492	5934810.891571512
71C75	541	8441205.009967322	5934753.06478146
71C75	542	8441183.402976418	5934671.923276806
71C75	543	8441153.278852899	5934576.116445914
71C75	544	8441142.697	5934577.527
71C75	545	8441134.305	5934569.503999999
71C75	546	8441133.191096934	5934563.607918713
71C75	547	8441125.023999998	5934565.148999999
71C75	548	8441112.597000001	5934567.497999999
71C75	549	8441080.295	5934481.873
71C75	550	8441080.009	5934470.56
71C75	551	8441088.28	5934457.359
71C75	552	8441097.557	5934449.196
71C75	553	8441083.962000001	5934410.215
71C75	554	8441071.845	5934411.664999999
71C75	555	8441060.771	5934334.265999999
71C75	556	8441049.312269116	5934304.470209053
71C75	557	8441035.83786675	5934264.954224066
71C75	558	8441033.364614297	5934254.367641881
71C75	559	8441026.536	5934232.154
71C75	560	8441019.079988258	5934206.208635885
71C75	561	8441016.748851497	5934194.127644296
71C75	562	8441004.745274197	5934150.761448933
71C75	563	8440988.986958055	5934095.434566209
71C75	564	8440986.238494739	5934084.533130792
71C75	565	8440974.292162724	5934037.705205513
71C75	566	8440965.36465729	5933997.76488606
71C75	567	8440962.753444714	5933989.335298317
71C75	568	8440953.816	5933983.977999999
71C75	569	8440933.84	5933980.603
71C75	570	8440930.814	5933975.424
71C75	571	8440960.834440077	5933969.225911545
71C75	572	8440958.624149522	5933961.154768053
71C75	573	8440911.697	5933971.012999998
71C75	574	8440910.383	5933964.36
71C75	575	8440946.95	5933953.612999999
71C75	576	8440941.945	5933935.589999999
71C75	577	8440951.658999998	5933916.159999999
71C75	578	8440948.575	5933883.202
71C75	579	8440954.313734258	5933875.363097818
71C75	580	8440951.417499157	5933834.181259822
71C75	581	8440949.832563473	5933785.446057501
71C75	582	8440948.284871709	5933763.497432351
71C75	583	8440945.618150705	5933758.594128672
71C75	584	8440920.138220688	5933761.752461239
71C75	585	8440919.841160672	5933744.728090942
71C75	586	8440926.850056201	5933738.844410619
71C75	587	8440927.656921031	5933723.596081067
71C75	588	8440929.075015025	5933718.597617599
71C75	589	8440928.652868949	5933680.258239438
71C75	590	8440928.597037248	5933644.735969557
71C75	591	8440927.05576735	5933638.769025154
71C75	592	8440927.780498642	5933614.158816952
71C75	593	8440929.61726418	5933607.103910137
71C75	594	8440931.03479939	5933577.159065537
71C75	595	8440933.14261403	5933547.498381694
71C75	596	8440936.383719428	5933514.268799719
71C75	597	8440938.531349313	5933493.389894998
71C75	598	8440944.457784394	5933431.575265619
71C75	599	8440947.58484648	5933396.278782591
71C75	600	8440946.59877909	5933389.29438198
71C75	601	8440948.82872481	5933364.778428932
71C75	602	8440951.129023299	5933359.741113827
71C75	603	8440955.545570426	5933313.270718799
71C75	604	8440962.359219152	5933241.03116972
71C75	605	8440969.963944562	5933162.191311752
71C75	606	8440969.173621768	5933156.304232104
71C75	607	8440971.84957172	5933126.42602036
71C75	608	8440973.546611315	5933109.29280277
71C75	609	8440968.862	5933078.272000001
71C75	610	8440960.347755224	5933021.825791274
71C75	611	8440956.694691772	5932997.635511959
71C75	612	8440986.973027596	5932998.695966498
71C75	613	8440989.184212888	5932991.809659729
71C75	614	8440995.677365454	5932907.202319376
71C75	615	8440998.299317323	5932882.734769447
71C75	616	8441002.529950693	5932832.814306554
71C75	617	8441003.872066883	5932795.525720296
71C75	618	8441000.248	5932772.658
71C75	619	8441002.458999999	5932685.28
71C75	620	8440999.45	5932629.722999999
71C75	621	8441005.413879054	5932616.640742526
71C75	622	8440978.564	5932446.142000001
71C75	623	8440972.344751999	5932406.624230678
71C75	624	8440958.8769115	5932408.344639285
71C75	625	8440955.31402121	5932383.142209565
71C75	626	8440968.102610117	5932379.685015625
71C75	627	8440950.661	5932268.954
71C75	628	8440948.748	5932256.807999999
71C75	629	8440943.242	5932245.322
71C75	630	8440929.883	5932205.563999999
71C75	631	8440923.375	5932173.704
71C75	632	8440915.242999999	5932163.722
71C75	633	8440902.431999998	5932165.953
71C75	634	8440900.478958996	5932163.050553454
71C75	635	8440892.888283173	5932159.941258375
71C75	636	8440883.687251529	5932152.870394244
71C75	637	8440879.138330622	5932146.015683541
71C75	638	8440879.138330622	5932146.015683541
71C75	639	8440860.616	5932149.680999999
71C75	640	8440858.597000001	5932142.879999999
71C75	641	8440894.04	5932131.91
71C75	642	8440890.605006812	5932121.345775666
71C75	643	8440846.09604819	5932134.754518556
71C75	644	8440848.83	5932129.137999999
71C75	645	8440851.625	5932121.202000001
71C75	646	8440871.524338957	5932110.172560331
71C75	647	8440874.826335749	5932098.375872282
71C75	648	8440878.464714868	5932095.748406578
71C75	649	8440887.575521862	5932075.521773302
71C75	650	8440889.343178483	5932066.842625381
71C75	651	8440884.458614541	5932047.816554244
71C75	652	8440880.315022917	5932035.450712445
71C75	653	8440864.667978352	5931992.76644008
71C75	654	8440845.616712077	5931946.886243105
71C75	655	8440826.324543446	5931954.575171589
71C75	656	8440808.9824456	5931929.858051184
71C75	657	8440785.637025535	5931901.999854319
71C75	658	8440788.12170705	5931894.484401023
71C75	659	8440786.411334002	5931881.058345319
71C75	660	8440771.02	5931883.102999998
71C75	661	8440765.470681023	5931845.348495078
71C75	662	8440759.864280824	5931834.526917323
71C75	663	8440761.399886608	5931817.65195724
71C75	664	8440758.987	5931801.238
71C75	665	8440763.63339491	5931795.513659181
71C75	666	8440783.02445388	5931784.351120208
71C75	667	8440771.465915585	5931758.478742501
71C75	668	8440750.573456176	5931717.918772354
71C75	669	8440722.282561136	5931658.130924256
71C75	670	8440704.160901636	5931623.888380788
71C75	671	8440633.171708886	5931495.578723041
71C75	672	8440628.779	5931491.749
71C75	673	8440616.75486514	5931493.672121202
71C75	674	8440618.319230845	5931484.19795122
71C75	675	8440603.508735191	5931452.156299013
71C75	676	8440600.223	5931442.404000001
71C75	677	8440595.654	5931423.457000001
71C75	678	8440586.965	5931401.076000001
71C75	679	8440585.62	5931395.83
71C75	680	8440556.909563586	5931400.402361732
71C75	681	8440566.824958947	5931388.848239437
71C75	682	8440577.546	5931387.128999999
71C75	683	8440554.38	5931332.959999999
71C75	684	8440542.565	5931308.996
71C75	685	8440544.051784584	5931301.150808953
71C75	686	8440532.474443253	5931275.47804416
71C75	687	8440522.11061258	5931251.036295278
71C75	688	8440509.220443469	5931222.386580546
71C75	689	8440496.754086427	5931190.859523742
71C75	690	8440486.853765205	5931164.871929289
71C75	691	8440480.632976476	5931148.536948586
71C75	692	8440471.504689349	5931122.062951608
71C75	693	8440464.146334797	5931100.821247029
71C75	694	8440458.522608727	5931081.529492696
71C75	695	8440443.58148394	5931027.103339556
71C75	696	8440422.213	5931029.743999999
71C75	697	8440416.87	5931030.39
71C75	698	8440412.36	5931001.83
71C75	699	8440417.13	5931001.07
71C75	700	8440417.071837544	5930996.755634526
71C75	701	8440411.73	5930997.879999999
71C75	702	8440403.09	5930943.21
71C75	703	8440394.64	5930889.77
71C75	704	8440385.78	5930834.019999999
71C75	705	8440380.860000001	5930834.56
71C75	706	8440384.3	5930856.34
71C75	707	8440388.17	5930880.829999999
71C75	708	8440392	5930905.07
71C75	709	8440395.82	5930929.26
71C75	710	8440399.63	5930953.35
71C75	711	8440405.420000002	5930989.98
71C75	712	8440409.28	5931014.42
71C75	713	8440411.92	5931031.12
71C75	714	8440409.238	5931031.593
71C75	715	8440377.759	5930835.043
71C75	716	8440374.141	5930812.449
71C75	717	8440371.84	5930812.64
71C75	718	8440337.711000001	5930815.219
71C75	719	8440337.04	5930810.67
71C75	720	8440370.750000002	5930805.269999999
71C75	721	8440369.86	5930799.33
71C75	722	8440334.51	5930805
71C75	723	8440335.760670817	5930801.467303089
71C75	724	8440328.73450291	5930787.851882263
71C75	725	8440327.447634103	5930756.798011426
71C75	726	8440325.494573008	5930741.508334371
71C75	727	8440352.172490956	5930738.404833561
71C75	728	8440353.249805816	5930713.940192764
71C75	729	8440368.58809331	5930710.421044482
71C75	730	8440371.845556857	5930704.405366424
71C75	731	8440372.071779182	5930691.690445955
71C75	732	8440368.97771684	5930651.733674487
71C75	733	8440366.61140677	5930622.605758956
71C75	734	8440366.651409497	5930610.800958564
71C75	735	8440365.47	5930580.407
71C75	736	8440365.278212393	5930569.550928777
71C75	737	8440365.675945645	5930553.922649919
71C75	738	8440365.323043037	5930527.042111732
71C75	739	8440354.459543493	5930520.897307302
71C75	740	8440353.598795133	5930502.112667961
71C75	741	8440361.963	5930488.04
71C75	742	8440362.579	5930447.631
71C75	743	8440363.239690602	5930441.636971465
71C75	744	8440336.010885721	5930434.137326357
71C75	745	8440323.52823511	5930422.322330051
71C75	746	8440316.61990514	5930397.406694177
71C75	747	8440270.162999999	5930399.837999999
71C75	748	8440255.250288254	5930394.153160064
71C75	749	8440215.097000001	5930400.339
71C75	750	8440214.44	5930395.81
71C75	751	8440307.08	5930380.43
71C75	752	8440306.6	5930377.469999999
71C75	753	8440354.94	5930369.91
71C75	754	8440354.52	5930360.86
71C75	755	8440310.11	5930367.809999999
71C75	756	8440196.24	5930386.67
71C75	757	8440195.758	5930383.136
71C75	758	8440205.468	5930380.996
71C75	759	8440215.139530355	5930362.790209586
71C75	760	8440300.02	5930348.17
71C75	761	8440300.395000001	5930344.783999999
71C75	762	8440306.205694525	5930343.960444068
71C75	763	8440315.13875982	5930337.477921746
71C75	764	8440331.142051144	5930334.081378465
71C75	765	8440334.585087791	5930343.149684942
71C75	766	8440362.252554772	5930341.030575877
71C75	767	8440371.053368958	5930337.347459417
71C75	768	8440373.368419342	5930331.923591304
71C75	769	8440377.462491672	5930295.798345561
71C75	770	8440377.360810885	5930276.473181961
71C75	771	8440377.506632611	5930240.69126346
71C75	772	8440377.5956042	5930221.182009534
71C75	773	8440378.57530496	5930178.520153756
71C75	774	8440379.727473736	5930137.519033186
71C75	775	8440381.738555616	5930097.084468378
71C75	776	8440382.767681088	5930076.134902547
71C75	777	8440384.860237598	5930032.672836697
71C75	778	8440386.394297983	5930009.680036971
71C75	779	8440387.67388713	5929992.67918878
71C75	780	8440391.348777328	5929919.76776428
71C75	781	8440393.413234731	5929868.532693986
71C75	782	8440395.672046022	5929827.61092318
71C75	783	8440396.886575071	5929810.131460461
71C75	784	8440396.774843315	5929774.802797118
71C75	785	8440398.150430782	5929733.337029708
71C75	786	8440397.678353213	5929700
71C75	787	8440394.799536178	5929691.816889831
71C75	788	8440388.005969388	5929691.009395343
71C75	789	8440387.463863451	5929673.080575449
71C75	790	8440397.861814	5929663.567053662
71C75	791	8440398.14871621	5929638.206758926
71C75	792	8440398.906712854	5929621.500955603
71C75	793	8440386.648635438	5929620.020808851
71C75	794	8440388.810162168	5929601.07352744
71C75	795	8440398.951543497	5929597.680647602
71C75	796	8440401.255937902	5929570.131397317
71C75	797	8440391.73	5929511.11
71C75	798	8440402.757600717	5929509.396066596
71C75	799	8440401.578064138	5929499.116604784
71C75	800	8440383.65	5929501.899999999
71C75	801	8440384.059	5929495.238
71C75	802	8440405.082	5929492.052
71C75	803	8440404.298115041	5929480.090171933
71C75	804	8440402.362810634	5929451.525703903
71C75	805	8440401.318601487	5929423.94566207
71C75	806	8440400.434403254	5929406.077771496
71C75	807	8440400.068861078	5929376.346356114
71C75	808	8440400.631658087	5929323.394671146
71C75	809	8440402.233836323	5929249.424226786
71C75	810	8440401.894502835	5929225.015965108
71C75	811	8440402.615604037	5929170.260439394
71C75	812	8440403.501508988	5929123.98847969
71C75	813	8440406.50723123	5929048.956185273
71C75	814	8440415.326453416	5929017.174729865
71C75	815	8440410.500843773	5928959.761124641
71C75	816	8440414.998717647	5928945.430421963
71C75	817	8440420.246628525	5928912.021700437
71C75	818	8440417.045	5928895.787
71C75	819	8440419.729	5928872.268
71C75	820	8440401.551	5928871.925
71C75	821	8440386.535	5928874.927
71C75	822	8440367.601	5928882.859
71C75	823	8440352.615	5928891.671
71C75	824	8440350.03	5928887.450000001
71C75	825	8440402.449999997	5928853.5
71C75	826	8440423.51981087	5928839.8486116
71C75	827	8440423.852282727	5928833.674376591
71C75	828	8440402.67559756	5928847.39244866
71C75	829	8440402.267871018	5928828.309055728
71C75	830	8440406.589312842	5928799.121534146
71C75	831	8440400.768621739	5928793.837170551
71C75	832	8440402.468010666	5928788.339254
71C75	833	8440404.848877642	5928783.541112586
71C75	834	8440404.400643554	5928766.78039246
71C75	835	8440388.82325884	5928768.354856604
71C75	836	8440380.276820516	5928769.441125476
71C75	837	8440365.127081564	5928769.319222775
71C75	838	8440351.71530404	5928770.044081365
71C75	839	8440345.263564805	5928770.51400603
71C75	840	8440344.884919783	5928767.637744019
71C75	841	8440424.389272181	5928756.989114882
71C75	842	8440423.747883627	5928747.968582054
71C75	843	8440397.28	5928751.469999999
71C75	844	8440343.706468597	5928758.685997137
71C75	845	8440343.24476214	5928755.178784119
71C75	846	8440381.469	5928748.080714243
71C75	847	8440396.950585537	5928746.032320885
71C75	848	8440402.37373251	5928736.762055307
71C75	849	8440403.339969067	5928720.950771015
71C75	850	8440401.134464951	5928685.083972809
71C75	851	8440396.295402756	5928657.043383266
71C75	852	8440393.178292003	5928640.968049444
71C75	853	8440386.350953605	5928571.425243038
71C75	854	8440383.358222742	5928548.597044946
71C75	855	8440366.363	5928549.004
71C75	856	8440366.12	5928547.41
71C75	857	8440399.094959287	5928542.259882489
71C75	858	8440398.140469875	5928536.337520443
71C75	859	8440381.778490297	5928538.889576032
71C75	860	8440381.907523425	5928528.950048687
71C75	861	8440383.346977817	5928503.571201122
71C75	862	8440380.95680837	5928479.691893188
71C75	863	8440373.469478436	5928436.212084457
71C75	864	8440367.14452906	5928408.177891035
71C75	865	8440362.839121973	5928387.655179449
71C75	866	8440359.131347423	5928370.558656907
71C75	867	8440334.36305272	5928379.762239962
71C75	868	8440327.00581803	5928374.894669105
71C75	869	8440324.850412041	5928369.637294637
71C75	870	8440311.640090901	5928339.070396599
71C75	871	8440314.677000001	5928330.039
71C75	872	8440318.457097411	5928316.738920881
71C75	873	8440310.413434424	5928299.139711517
71C75	874	8440329.293749517	5928290.841771969
71C75	875	8440330.479804298	5928284.201961854
71C75	876	8440313.737515206	5928240.969626937
71C75	877	8440304.447294066	5928240.889554208
71C75	878	8440297.462772764	5928226.090095755
71C75	879	8440293.366	5928209.675
71C75	880	8440274.341095181	5928204.873676906
71C75	881	8440268.27	5928185.691000001
71C75	882	8440262.612052675	5928182.283006308
71C75	883	8440252.533557078	5928186.391461268
71C75	884	8440247.97235505	5928186.45300489
71C75	885	8440242.767686944	5928176.696287417
71C75	886	8440240.906453477	5928160.432831258
71C75	887	8440237.045257919	5928148.70275933
71C75	888	8440239.607064111	5928143.240083736
71C75	889	8440265.323322251	5928133.073346363
71C75	890	8440252.893431596	5928100.056287412
71C75	891	8440241.967054348	5928076.372147017
71C75	892	8440222.382249506	5928042.883589269
71C75	893	8440185.464237396	5927979.081694299
71C75	894	8440177.558727004	5927965.954944752
71C75	895	8440135.29977612	5927908.35721709
71C75	896	8440135.29977612	5927908.35721709
71C75	897	8440135.29977612	5927908.35721709
71C75	898	8440135.29977612	5927908.35721709
71C75	899	8440089.38709036	5927883.168576471
71C75	900	8440089.38709036	5927883.168576471
71C75	901	8440081.41495145	5927866.943201662
71C75	902	8440042.414999997	5927870.232000001
71C75	903	8440041.97	5927867.19
71C75	904	8440094.6	5927859.04
71C75	905	8440093	5927850.19
71C75	906	8440040.5	5927858.31
71C75	907	8440039.65	5927852.056
71C75	908	8440069.669852039	5927846.269933958
71C75	909	8440076.78434036	5927845.132041658
71C75	910	8440074.573375814	5927833.548391769
71C75	911	8440034.458999999	5927779.356000001
71C75	912	8439998.302000001	5927735.888999999
71C75	913	8439950.951	5927685.231
71C75	914	8439893.842	5927632.735000001
71C75	915	8439892.443823049	5927624.038582166
71C75	916	8439856.578122415	5927594.288453001
71C75	917	8439801.705086097	5927551.355369031
71C75	918	8439735.703624897	5927510.168904695
71C75	919	8439706.34	5927514.71
71C75	920	8439714.96	5927564.610000001
71C75	921	8439723.65	5927614.9
71C75	922	8439740.420000002	5927718.23
71C75	923	8439741.3	5927723.47
71C75	924	8439745.489999998	5927747.66
71C75	925	8439752.04	5927785.62
71C75	926	8439762.62	5927816.09
71C75	927	8439757.44	5927816.96
71C75	928	8439744.788512181	5927819.162546602
71C75	929	8439746.269999998	5927827.741
71C75	930	8439757.109999998	5927825.939999999
71C75	931	8439756.789999997	5927826.772999999
71C75	932	8439746.422862483	5927828.605703967
71C75	933	8439744.627999997	5927828.922999999
71C75	934	8439742.41	5927830.909999999
71C75	935	8439742.01	5927828.45
71C75	936	8439740.61	5927819.889999999
71C75	937	8439725.32	5927822.57
71C75	938	8439726.69	5927831.04
71C75	939	8439727.389999999	5927835.37
71C75	940	8439724.261	5927833.462999999
71C75	941	8439720.724	5927832.701
71C75	942	8439720.58	5927832.07
71C75	943	8439716.420000002	5927832.780000001
71C75	944	8439714.982999997	5927824.457
71C75	945	8439708.23	5927825.69
71C75	946	8439694.37	5927827.98
71C75	947	8439698.002	5927821.612999999
71C75	948	8439695.569	5927811.481
71C75	949	8439687.224	5927787.164
71C75	950	8439678.445	5927766.972
71C75	951	8439653.092	5927723.497
71C75	952	8439642.966	5927701.824
71C75	953	8439622.06	5927637.964
71C75	954	8439612.423999999	5927600.601
71C75	955	8439610.745	5927567.762999999
71C75	956	8439605.43	5927562.55
71C75	957	8439604.78	5927556.58
71C75	958	8439610.281	5927551.985
71C75	959	8439610.299	5927535.986
71C75	960	8439606.750000002	5927527.105
71C75	961	8439604.283	5927487.304999999
71C75	962	8439600.399999999	5927474.828
71C75	963	8439592.947999999	5927467.245
71C75	964	8439577.454	5927454.881
71C75	965	8439559.109	5927452.525000001
71C75	966	8439533.614	5927454.847999999
71C75	967	8439532.77	5927449.469999999
71C75	968	8439588.03	5927440.79
71C75	969	8439615.59754741	5927436.490870989
71C75	970	8439614.789999558	5927431.379997208
71C75	971	8439612.892	5927419.388999999
71C75	972	8439593.284	5927407.588
71C75	973	8439603.371	5927385.738
71C75	974	8439623.13	5927391.69
71C75	975	8439637.48	5927389.47
71C75	976	8439642.909999998	5927426.94
71C75	977	8439643.65	5927432.06
71C75	978	8439649.600499287	5927472.217838615
71C75	979	8439701.479974164	5927482.536110796
71C75	980	8439692.75	5927424.400000001
71C75	981	8439689.08	5927398.66
71C75	982	8439686.68	5927381.809999999
71C75	983	8439685.125057109	5927370.93131209
71C75	984	8439697.736052347	5927375.274233984
71C75	985	8439769.183509486	5927360.968355549
71C75	986	8439784.173210455	5927366.935744212
71C75	987	8439794.481590725	5927372.948602381
71C75	988	8439799.090000002	5927402.68
71C75	989	8439728.01855753	5927413.688576202
71C75	990	8439728.856510062	5927418.706139397
71C75	991	8439791.51	5927408.83
71C75	992	8439827.879825242	5927403.174972818
71C75	993	8439828.511925956	5927407.250216413
71C75	994	8439810.437259633	5927415.345807937
71C75	995	8439813.058069853	5927437.267916085
71C75	996	8439820.178935258	5927457.666888791
71C75	997	8439836.06391647	5927478.624796251
71C75	998	8439848.698875668	5927489.515188065
71C75	999	8439901.152952043	5927529.057816723
71C75	1000	8439907.795999998	5927534.665
71C75	1001	8439918.162	5927544.188999998
71C75	1002	8439955.759	5927578.566000001
71C75	1003	8439984.288999999	5927606.124
71C75	1004	8440084.12	5927714.756
71C75	1005	8440121.634	5927752.826
71C75	1006	8440161.512	5927790.722999999
71C75	1007	8440174.930000002	5927809.532999999
71C75	1008	8440183.991	5927825.392
71C75	1009	8440248.558813917	5927817.500309698
71C75	1010	8440291.867	5927812.752000001
71C75	1011	8440293.06	5927819.219999999
71C75	1012	8440159.729071977	5927839.856900807
71C75	1013	8440159.729071977	5927839.856900807
71C75	1014	8440166.643403487	5927847.890404159
71C75	1015	8440294.7	5927828.07
71C75	1016	8440295.378	5927831.911000001
71C75	1017	8440190.15	5927852.49
71C75	1018	8440176.841303438	5927855.525335993
71C75	1019	8440173.552487064	5927858.13538793
71C75	1020	8440162.720092384	5927866.732132021
71C75	1021	8440177.654566884	5927890.06445641
71C75	1022	8440199.325087067	5927925.071986646
71C75	1023	8440208.075950483	5927941.281819561
71C75	1024	8440226.022	5927968.772999999
71C75	1025	8440251.616595501	5928012.376297512
71C75	1026	8440265.090246825	5928033.384304042
71C75	1027	8440275.00489303	5928054.356306029
71C75	1028	8440286.469740871	5928079.1478863
71C75	1029	8440298.500658104	5928097.77584337
71C75	1030	8440305.728	5928101.564
71C75	1031	8440310.609	5928108.461
71C75	1032	8440322.112	5928132.032
71C75	1033	8440339.951	5928168.01
71C75	1034	8440345.705	5928180.832999999
71C75	1035	8440349.031203695	5928191.755123215
71C75	1036	8440354.275425332	5928213.368371698
71C75	1037	8440354.297185745	5928213.380781857
71C75	1038	8440362.300000003	5928232.897000001
71C75	1039	8440372.138	5928258.755
71C75	1040	8440386.254	5928298.760999999
71C75	1041	8440386.279945977	5928313.623288423
71C75	1042	8440396.281980515	5928361.013023557
71C75	1043	8440403.624952557	5928382.273095969
71C75	1044	8440410.365061225	5928403.706728678
71C75	1045	8440427.712000001	5928456.266
71C75	1046	8440435.185368475	5928487.882741847
71C75	1047	8440442.243546527	5928520.566000001
71C75	1048	8440455.920000002	5928518.23
71C75	1049	8440476.045	5928514.880999999
71C75	1050	8440477.42	5928523.969999999
71C75	1051	8440457.353647985	5928527.099431081
71C75	1052	8440457.35	5928527.1
71C75	1053	8440458.289999997	5928533.030000001
71C75	1054	8440472.73	5928530.78
71C75	1055	8440469.93475546	5928536.923702336
71C75	1056	8440472.660770653	5928558.255944032
71C75	1057	8440475.931631826	5928599.883446428
71C75	1058	8440476.245335218	5928604.757958594
71C75	1059	8440478.975418516	5928632.820183402
71C75	1060	8440478.55265408	5928655.17573862
71C75	1061	8440478.228336379	5928668.567171307
71C75	1062	8440481.332273072	5928711.771753088
71C75	1063	8440485.115068646	5928763.019344819
71C75	1064	8440486.67252124	5928785.903331514
71C75	1065	8440486.625992853	5928805.968364716
71C75	1066	8440485.71010239	5928821.075820544
71C75	1067	8440484.06746124	5928834.07787482
71C75	1068	8440488.613270545	5928846.757137074
71C75	1069	8440488.613270545	5928846.757137074
71C75	1070	8440484.633866215	5928863.565643949
71C75	1071	8440549.963	5928875.44
71C75	1072	8440575.582	5928876.518
71C75	1073	8440598.236	5928875.159
71C75	1074	8440598.411999999	5928884.659
71C75	1075	8440497.14	5928900.440000001
71C75	1076	8440478.43	5928889.769999999
71C75	1077	8440474.99	5928898.16
71C75	1078	8440473.098	5928928.163000001
71C75	1079	8440474.176000003	5928942.337999999
71C75	1080	8440497.431	5928960.542999999
71C75	1081	8440561.621742435	5928993.452392497
71C75	1082	8440549.338541642	5929026.932933566
71C75	1083	8440500.121002994	5928997.065976574
71C75	1084	8440478.828312892	5929019.873154516
71C75	1085	8440461.26491402	5929023.227527274
71C75	1086	8440462.011172066	5929034.576651434
71C75	1087	8440463.9649661	5929109.853314208
71C75	1088	8440462.569559429	5929162.725147447
71C75	1089	8440462.499443622	5929210.022409802
71C75	1090	8440460.755769791	5929235.264941876
71C75	1091	8440457.336799707	5929260.204362174
71C75	1092	8440455.073247546	5929311.953818838
71C75	1093	8440453.73046146	5929346.497199907
71C75	1094	8440452.484568218	5929373.150348161
71C75	1095	8440449.745569777	5929410.111530029
71C75	1096	8440442.64065229	5929474.984644051
71C75	1097	8440450.415	5929485.413
71C75	1098	8440471.092748046	5929481.977443636
71C75	1099	8440475.02	5929487.71
71C75	1100	8440451.31	5929491.389999999
71C75	1101	8440453.05	5929501.58
71C75	1102	8440438.888894957	5929503.780463187
71C75	1103	8440437.612608371	5929534.238753936
71C75	1104	8440438.181355037	5929545.131302146
71C75	1105	8440438.69279476	5929592.072144819
71C75	1106	8440439.308	5929602.586
71C75	1107	8440439.832999999	5929643.457
71C75	1108	8440438.191657493	5929663.816887186
71C75	1109	8440436.333999999	5929682.571
71C75	1110	8440432.688516947	5929727.946573918
71C75	1111	8440428.221860701	5929794.03138728
71C75	1112	8440426.689999998	5929822.759999999
71C75	1113	8440426.190398272	5929859.083856837
71C75	1114	8440424.31756547	5929914.630874015
71C75	1115	8440436.71	5929912.7
71C75	1116	8440450.31	5929999.71
71C75	1117	8440422.480062379	5930004.051116473
71C75	1118	8440421.34851063	5930042.208968999
71C75	1119	8440424.539	5930046.606000001
71C75	1120	8440422.511000002	5930114.011
71C75	1121	8440418.452237528	5930138.293185089
71C75	1122	8440417.38030096	5930172.449888517
71C75	1123	8440414.451437658	5930274.398375765
71C75	1124	8440438.880625617	5930275.593379787
71C75	1125	8440469.21808933	5930300.720461614
71C75	1126	8440489.884	5930316.046999999
71C75	1127	8440521.2	5930313.686
71C75	1128	8440539.294	5930316.587999999
71C75	1129	8440547.460191809	5930330.687737167
71C75	1130	8440522.289999997	5930334.62
71C75	1131	8440514.073065473	5930340.015304278
71C75	1132	8440496.333999999	5930345.082000001
71C75	1133	8440456.700850692	5930348.361556414
71C75	1134	8440436.66593026	5930348.016270645
71C75	1135	8440436.66593026	5930348.016270645
71C75	1136	8440436.912428211	5930357.089716001
71C75	1137	8440484.03	5930349.72
71C75	1138	8440555.16	5930338.589999999
71C75	1139	8440557.333547225	5930352.04184226
71C75	1140	8440558.640000002	5930360.14
71C75	1141	8440523.107	5930372.998
71C75	1142	8440490.500000002	5930389.73
71C75	1143	8440488.98064021	5930380.320720945
71C75	1144	8440446.815	5930389.168
71C75	1145	8440437.7985	5930389.705499999
71C75	1146	8440413.917000001	5930391.13
71C75	1147	8440416.898	5930477.211
71C75	1148	8440418.215	5930501.352000001
71C75	1149	8440418.182981526	5930507.505057327
71C75	1150	8440415.518	5930528.89
71C75	1151	8440419.108	5930539.115
71C75	1152	8440422.392000003	5930601.387
71C75	1153	8440420.707	5930622.897999999
71C75	1154	8440420.5352119	5930634.43427146
71C75	1155	8440419.920646532	5930656.680632474
71C75	1156	8440422.262	5930672.431
71C75	1157	8440428.914641779	5930716.689075909
71C75	1158	8440438.14236295	5930771.303358041
71C75	1159	8440441.772141835	5930778.538699146
71C75	1160	8440458.469	5930776.218999999
71C75	1161	8440461.222778589	5930776.914679905
71C75	1162	8440480.084678467	5930773.906826524
71C75	1163	8440479.710055405	5930782.738079762
71C75	1164	8440496.07	5930792.056
71C75	1165	8440510.098	5930809.635000001
71C75	1166	8440514.243999999	5930818.951
71C75	1167	8440516.766	5930830.23
71C75	1168	8440517.259	5930849.178999999
71C75	1169	8440515.381	5930870.557
71C75	1170	8440510.695	5930899.938999999
71C75	1171	8440502.867	5930956.580000001
71C75	1172	8440503.847819181	5930979.507177635
71C75	1173	8440525.662556985	5930978.058629119
71C75	1174	8440525.881451003	5930979.680085081
71C75	1175	8440506.980000002	5930982.69
71C75	1176	8440507.48	5930986.660000001
71C75	1177	8440526.44114839	5930983.640893816
71C75	1178	8440527.007044135	5930987.209907486
71C75	1179	8440505.630423054	5930992.728981577
71C75	1180	8440511.344	5931017.361
71C75	1181	8440528.98	5931070.3
71C75	1182	8440534.85	5931086.980000001
71C75	1183	8440542.51	5931110.77
71C75	1184	8440557.97	5931153.53
71C75	1185	8440592.91	5931239.749999999
71C75	1186	8440612.218292156	5931288.495450237
71C75	1187	8440617.626668183	5931292.201050259
71C75	1188	8440624.806319196	5931310.259638011
71C75	1189	8440649.383866463	5931362.138662565
71C75	1190	8440660.645937944	5931369.478693628
71C75	1191	8440665.843947152	5931379.622001749
71C75	1192	8440689.804029789	5931378.424595655
71C75	1193	8440689.927523358	5931379.199185474
71C75	1194	8440667.11	5931382.84
71C75	1195	8440669.62	5931387.78
71C75	1196	8440690.753395552	5931384.379255575
71C75	1197	8440691.13316675	5931386.992576336
71C75	1198	8440673.26625535	5931393.4864034
71C75	1199	8440679.722257128	5931406.243679582
71C75	1200	8440677.36507703	5931416.70866568
71C75	1201	8440683.683172522	5931427.838324333
71C75	1202	8440699.484678712	5931460.485438203
71C75	1203	8440706.577252187	5931473.686173922
71C75	1204	8440714.999399157	5931487.325277292
71C75	1205	8440725.956857122	5931505.181758727
71C75	1206	8440741.025735484	5931530.042034653
71C75	1207	8440737.708780697	5931537.659788416
71C75	1208	8440763.366205817	5931585.171627599
71C75	1209	8440775.346523887	5931612.588758219
71C75	1210	8440737.763997838	5931618.554406143
71C75	1211	8440755.303400967	5931654.192890495
71C75	1212	8440777.467918089	5931699.407612397
71C75	1213	8440807.755503515	5931764.075090793
71C75	1214	8440824.596	5931793.856
71C75	1215	8440833.047	5931810.725
71C75	1216	8440835.447999999	5931823.221
71C75	1217	8440841.001006331	5931836.084254034
71C75	1218	8440845.989000002	5931846.861
71C75	1219	8440854.153	5931858.357999999
71C75	1220	8440857.564288447	5931866.985273295
71C75	1221	8440876.76944622	5931863.976465243
71C75	1222	8440887.81304932	5931935.649418762
71C75	1223	8440897.315358903	5931956.396549223
71C75	1224	8440906.788980756	5931975.198072064
71C75	1225	8440923.682943031	5932008.725790026
71C75	1226	8440929.739728289	5932023.464814358
71C75	1227	8440940.074917417	5932060.911696582
71C75	1228	8440945.044512432	5932072.673660948
71C75	1229	8440964.032682255	5932080.974722193
71C75	1230	8440978.679389972	5932079.74309476
71C75	1231	8441003.559046775	5932078.562477875
71C75	1232	8441031.825	5932075.911
71C75	1233	8441032.592651073	5932078.336907988
71C75	1234	8440982.913039356	5932093.401416227
71C75	1235	8440986.392	5932104.602999999
71C75	1236	8441035.836000001	5932090.029000001
71C75	1237	8441036.797	5932092.936000001
71C75	1238	8441038.17	5932097.087999999
71C75	1239	8441036.215	5932100.167
71C75	1240	8440993.775156282	5932128.402941743
71C75	1241	8440985.240487847	5932133.833023259
71C75	1242	8440966.38	5932155.999
71C75	1243	8440974.438	5932188.582999999
71C75	1244	8440982.942999998	5932225
71C75	1245	8440988.900530105	5932254.43098789
71C75	1246	8440992.045706239	5932270.416411101
71C75	1247	8440996.806473793	5932292.751180414
71C75	1248	8440999.217447385	5932300.300481239
71C75	1249	8441003.385853646	5932317.138040598
71C75	1250	8441012.993999999	5932364.758
71C75	1251	8441013.871	5932377.068
71C75	1252	8441018.492999999	5932396.763999999
71C75	1253	8441021.279	5932420.392000001
71C75	1254	8441022.544	5932441.103
71C75	1255	8441025.933322525	5932473.03203851
71C75	1256	8441030.015449708	5932517.711625396
71C75	1257	8441032.928048344	5932558.834505446
71C75	1258	8441034.353868771	5932583.701270358
71C75	1259	8441038.287	5932594.346
71C75	1260	8441043.114000002	5932626.786000001
71C75	1261	8441044.895	5932732.869
71C75	1262	8441039.935	5932766.623
71C75	1263	8441040.165265841	5932782.87307183
71C75	1264	8441038.878262835	5932829.137339987
71C75	1265	8441049.729	5932898.045
71C75	1266	8441038.380711298	5932899.970892211
71C75	1267	8441036.620645355	5932938.057465324
71C75	1268	8441032.988554709	5932973.960802972
71C75	1269	8441033.702	5932983.142000002
71C75	1270	8441031.976184402	5933015.165880346
71C75	1271	8441036.21183038	5933043.1390113
71C75	1272	8441028.747904286	5933041.481948487
71C75	1273	8441022.963	5933082.847
71C75	1274	8441020.246936703	5933095.311289218
71C75	1275	8441018.522700403	5933118.769494348
71C75	1276	8441015.950917607	5933143.801246298
71C75	1277	8441009.292266725	5933193.274648116
71C75	1278	8441006.73526839	5933267.42653655
71C75	1279	8441005.092515975	5933318.121838404
71C75	1280	8441004.098999998	5933359.201
71C75	1281	8441003.56989013	5933374.802047359
71C75	1282	8440997.68131735	5933518.170829682
71C75	1283	8440996.133	5933542.939
71C75	1284	8440993.009336712	5933588.125559474
71C75	1285	8440992.324603094	5933644.123092956
71C75	1286	8441003.566215528	5933718.421972748
71C75	1287	8441010.10868589	5933718.193833692
71C75	1288	8441012.489554752	5933724.453584694
71C75	1289	8441021.206140231	5933728.497926479
71C75	1290	8441005.627999999	5933732.047000001
71C76	0	8441018.899999999	5933732.959999999
71C76	1	8441019.762338577	5933738.451210448
71C76	2	8441012.022656485	5933734.544608468
71C76	3	8441018.899999999	5933732.959999999
71C78	0	8441061.08	5933953.49
71C78	1	8441060.543	5933949.925
71C78	2	8441080.34	5933946.042999999
71C78	3	8441064.676	5933950.505
71C78	4	8441061.08	5933953.49
71C79	0	8441206.532	5935024.217999999
71C79	1	8441210.884881986	5935056.786356409
71C79	2	8441198.30918278	5935041.339130956
71C79	3	8441184.63467198	5935037.871598284
71C79	4	8441142.957167562	5935039.355214107
71C79	5	8441112.24890428	5935042.308711473
71C79	6	8441100.867369581	5935035.793797907
71C79	7	8441096.176420953	5935025.566069323
71C79	8	8441074.710000003	5935026.610000001
71C79	9	8441074.109999998	5935022.78
71C79	10	8441204.760000002	5935010.946000001
71C79	11	8441206.532	5935024.217999999
71C7B	0	8441203.577	5935002.019999999
71C7B	1	8441076.525999999	5935013.527000001
71C7B	2	8441076.241	5935007.101
71C7B	3	8441095.21	5935004.937999999
71C7B	4	8441099.697987612	5934994.656753715
71C7B	5	8441108.91914464	5934988.628250827
71C7B	6	8441140.807484822	5934986.053375832
71C7B	7	8441165.507169072	5934981.746734621
71C7B	8	8441182.021024058	5934978.652693809
71C7B	9	8441193.403203765	5934967.835029901
71C7B	10	8441197.156637382	5934957.235753028
71C7B	11	8441201.157	5934985.143999999
71C7B	12	8441203.577	5935002.019999999
71C7D	0	8441701.242999999	5938298.003999999
71C7D	1	8441691.842	5938309.591000001
71C7D	2	8441677.684	5938323.292000001
71C7D	3	8441667.862	5938330.918
71C7D	4	8441648.088	5938355.619
71C7D	5	8441630.173	5938354.121000001
71C7D	6	8441620.59	5938361.191000001
71C7D	7	8441619.807	5938360.059999999
71C7D	8	8441701.242999999	5938298.003999999
71C7F	0	8441863.688	5939633.083999999
71C7F	1	8441818.283	5939639.958999999
71C7F	2	8441831.894	5939636.123999999
71C7F	3	8441851.703	5939633.444
71C7F	4	8441863.688	5939633.083999999
71C82	0	8441643.265	5939781.183
71C82	1	8441642.506000003	5939785.069
71C82	2	8441636.796	5939784.231
71C82	3	8441643.265	5939781.183
71C84	0	8441629.21	5940031.940000001
71C84	1	8441682.198	5940051.168
71C84	2	8441672.197743528	5940081.196846573
71C84	3	8441667.537837282	5940096.468368387
71C84	4	8441664.441389386	5940107.15941368
71C84	5	8441647.03930823	5940170.640201643
71C84	6	8441648.706622245	5940183.540207832
71C84	7	8441726.908000002	5940196.915
71C84	8	8441726.082	5940202.573999999
71C84	9	8441711.664658016	5940200.596524894
71C84	10	8441680.770000001	5940196.36
71C84	11	8441649.809924675	5940192.119426687
71C84	12	8441651.435602505	5940204.409164163
71C84	13	8441697.86	5940210.82
71C84	14	8441724.775	5940214.508999999
71C84	15	8441724.346	5940217.948999999
71C84	16	8441685.365999999	5940213.641
71C84	17	8441682.12280327	5940224.149791355
71C84	18	8441679.367675764	5940230.463010233
71C84	19	8441676.396646764	5940233.450411861
71C84	20	8441671.587460136	5940244.318032833
71C84	21	8441664.537230434	5940255.912311796
71C84	22	8441646.64495601	5940280.370842416
71C84	23	8441636.32063601	5940299.238015017
71C84	24	8441630.851888565	5940312.952258396
71C84	25	8441627.728958298	5940323.722263768
71C84	26	8441627.98	5940325.63
71C84	27	8441627.206579328	5940325.523784716
71C84	28	8441624.61496835	5940334.461436771
71C84	29	8441614.872985965	5940365.148089579
71C84	30	8441610.785261584	5940385.208147995
71C84	31	8441609.966858132	5940399.812185112
71C84	32	8441614.985988824	5940446.02369464
71C84	33	8441584.931	5940449.869
71C84	34	8441558.532	5940531.155000001
71C84	35	8441547.416000001	5940555.995000001
71C84	36	8441537.225	5940578.197
71C84	37	8441530.07	5940601.45
71C84	38	8441531.1	5940611.769999999
71C84	39	8441524.31413099	5940611.440314885
71C84	40	8441520.221362516	5940630.647017739
71C84	41	8441513.609276606	5940650.19383292
71C84	42	8441496.355729826	5940692.996745732
71C84	43	8441488.235	5940718.224999999
71C84	44	8441481.095279941	5940747.272790937
71C84	45	8441470.994772816	5940776.76059889
71C84	46	8441483.81	5940874.599999999
71C84	47	8441468.928	5940899.352999999
71C84	48	8441461.812	5940895.02
71C84	49	8441441.005	5940900.376
71C84	50	8441435.606	5940911.423
71C84	51	8441413.34	5941040.778
71C84	52	8441410.205	5941057.893999999
71C84	53	8441406.861	5941079.638999999
71C84	54	8441405.327871984	5941088.428488283
71C84	55	8441404.502	5941108.488
71C84	56	8441404.522	5941134.478999999
71C84	57	8441441.736	5941160.937000001
71C84	58	8441454.682000002	5941205.222999999
71C84	59	8441458.996	5941276.697000001
71C84	60	8441446.937000003	5941335.888
71C84	61	8441389.251	5941351.807999999
71C84	62	8441392.699	5941450.535
71C84	63	8441402.536	5941449.105
71C84	64	8441424.885	5941516.399000001
71C84	65	8441401.210000003	5941520.16
71C84	66	8441405.489	5941550.634
71C84	67	8441419.427000001	5941606.011
71C84	68	8441449.49569477	5941601.600366352
71C84	69	8441454.921	5941632.537
71C84	70	8441458.287999999	5941676.462
71C84	71	8441463.087369163	5941693.499045332
71C84	72	8441466.00003103	5941714.746242483
71C84	73	8441468.00238048	5941726.98918064
71C84	74	8441470.945	5941748.728
71C84	75	8441475.754	5941768.322
71C84	76	8441478.806000002	5941790.049999999
71C84	77	8441492.999000002	5941843.453999999
71C84	78	8441504.09721328	5941875.768708306
71C84	79	8441515.869292032	5941911.472795401
71C84	80	8441517.86074258	5941916.730887059
71C84	81	8441529.170075044	5941920.303740659
71C84	82	8441531.883625984	5941929.22610432
71C84	83	8441531.225032002	5941938.230443057
71C84	84	8441522.444	5941939.518999999
71C84	85	8441500.793	5941942.702000001
71C84	86	8441515.859	5941981.964
71C84	87	8441524.246	5942007.323
71C84	88	8441532.166000001	5942041.447000001
71C84	89	8441532.43	5942069
71C84	90	8441526.914999997	5942053.091
71C84	91	8441524.106	5942044.124
71C84	92	8441498.728	5941962.967000001
71C84	93	8441492.76	5941943.88
71C84	94	8441471.735	5941947.051
71C84	95	8441482.011000002	5941980.386
71C84	96	8441494.567	5942021.118
71C84	97	8441503.743	5942050.888999999
71C84	98	8441499.055266373	5942052.358326106
71C84	99	8441481.080239872	5941998.842788666
71C84	100	8441467.508732952	5941959.148206596
71C84	101	8441456.527	5941954.071000001
71C84	102	8441427.679	5941958.143999999
71C84	103	8441417.238	5941959.617999999
71C84	104	8441389.92	5941961.812
71C84	105	8441385.623	5941960.043
71C84	106	8441427.065	5941953.79
71C84	107	8441426.111	5941947.866
71C84	108	8441426.111	5941947.866
71C84	109	8441384.679	5941954.115
71C84	110	8441386.978	5941951.353999999
71C84	111	8441392.252690077	5941949.981677882
71C84	112	8441420.139878148	5941940.011424609
71C84	113	8441423.221067121	5941936.964089574
71C84	114	8441406.791000001	5941897.301
71C84	115	8441385.34	5941832.914999999
71C84	116	8441376.551	5941802.194
71C84	117	8441369.490999999	5941769.772999999
71C84	118	8441358.716000002	5941732.859
71C84	119	8441352.105	5941691.504
71C84	120	8441351.887999998	5941680.599
71C84	121	8441295.639	5941670.784
71C84	122	8441288.061	5941624.521000001
71C84	123	8441315.388	5941620.719999999
71C84	124	8441342.391000003	5941616.965
71C84	125	8441340.579	5941608.129
71C84	126	8441306.373	5941612.887999999
71C84	127	8441339.447	5941602.607999999
71C84	128	8441321.004	5941473.177
71C84	129	8441305.097000003	5941424.157000001
71C84	130	8441297.251	5941399.974999999
71C84	131	8441287.521000002	5941369.752
71C84	132	8441277.255	5941337.867
71C84	133	8441261.712000001	5941357.452
71C84	134	8441251.74	5941352.7
71C84	135	8441239.563	5941310.659
71C84	136	8441239.909	5941273.279
71C84	137	8441244.453000002	5941235.98
71C84	138	8441210.954749389	5941240.867610385
71C84	139	8441210.075	5941235.018999999
71C84	140	8441240.36770192	5941223.953108887
71C84	141	8441168.17	5941011.049999999
71C84	142	8441134.229	5940908.646999999
71C84	143	8441130.98216494	5940898.854850247
71C84	144	8441148.736378826	5940892.779024103
71C84	145	8441185.271	5940999.546
71C84	146	8441238.91	5941155.74
71C84	147	8441255.357	5941203.589999999
71C84	148	8441270.241	5941168.643999999
71C84	149	8441285.927	5941140.711
71C84	150	8441345.904	5941109.777000001
71C84	151	8441341.502999999	5941074.012999999
71C84	152	8441327.873703333	5941039.593160508
71C84	153	8441309.631000001	5941006.079
71C84	154	8441293.521	5940987.294
71C84	155	8441273.743999997	5940969.602000001
71C84	156	8441255.542000001	5940957.467999999
71C84	157	8441240.486	5940948.778
71C84	158	8441191.53	5940918.852000001
71C84	159	8441168.952	5940902.819
71C84	160	8441144.33	5940879.902999999
71C84	161	8441141.67	5940872.13
71C84	162	8441125.4	5940824.61
71C84	163	8441118.344636587	5940758.302563576
71C84	164	8441124.822000002	5940783.905
71C84	165	8441133.885999998	5940808.837
71C84	166	8441144.332000002	5940826.59
71C84	167	8441156.181	5940845.892999999
71C84	168	8441173.945	5940868.236
71C84	169	8441193.183	5940886.713999999
71C84	170	8441217.392999997	5940904.227999999
71C84	171	8441265.479	5940927.600999999
71C84	172	8441289.322	5940942.700999999
71C84	173	8441305.473	5940955.480000001
71C84	174	8441319.167000001	5940970.616
71C84	175	8441326.420999998	5940979.872999999
71C84	176	8441329.86	5940979.400000001
71C84	177	8441330.57	5940985.167
71C84	178	8441340.892	5940999.842999999
71C84	179	8441350.597000001	5941016.157000001
71C84	180	8441354.77543735	5941024.048346015
71C84	181	8441373.765	5941014.636
71C84	182	8441369.165	5940999.964999999
71C84	183	8441370.603	5940980.077
71C84	184	8441377.36	5940976.111000001
71C84	185	8441381.274	5940951.408
71C84	186	8441393.947	5940892.817000001
71C84	187	8441389.601	5940881.915
71C84	188	8441379.351	5940873.107999999
71C84	189	8441367.617	5940854.435
71C84	190	8441361.515567437	5940850.404434654
71C84	191	8441356.545832125	5940847.121460912
71C84	192	8441309.769	5940816.221
71C84	193	8441307.949999997	5940801.44
71C84	194	8441347.09	5940825.160000001
71C84	195	8441363.739828104	5940835.306188489
71C84	196	8441368.619	5940838.268
71C84	197	8441383.281	5940813.836000001
71C84	198	8441333.799175357	5940783.920638397
71C84	199	8441346.318762	5940781.540890931
71C84	200	8441353.679403482	5940782.973865593
71C84	201	8441360.877735753	5940786.361609779
71C84	202	8441380.438043144	5940798.108555116
71C84	203	8441399.82317004	5940808.130915453
71C84	204	8441407.67879687	5940809.931649578
71C84	205	8441411.542093912	5940803.902095165
71C84	206	8441421.829784881	5940797.586857607
71C84	207	8441423.45	5940794.224999999
71C84	208	8441430.041	5940765.306000001
71C84	209	8441439.447000002	5940716.142999999
71C84	210	8441443.906	5940710.337
71C84	211	8441455.192	5940656.112000001
71C84	212	8441448.86	5940607.77
71C84	213	8441464.475	5940608.525
71C84	214	8441474.12028411	5940573.220656477
71C84	215	8441476.638337046	5940546.192523421
71C84	216	8441486.864805212	5940492.056715192
71C84	217	8441494.092911433	5940474.811747805
71C84	218	8441505.800582848	5940447.424616537
71C84	219	8441517.376	5940415.567000001
71C84	220	8441533.957	5940374.727999999
71C84	221	8441542.383	5940346.492000001
71C84	222	8441559.630000003	5940286.068
71C84	223	8441563.49599939	5940282.596771003
71C84	224	8441571.108047199	5940252.36944679
71C84	225	8441521.988460662	5940244.129343327
71C84	226	8441530.772	5940192.64
71C84	227	8441493.965000002	5940186.586000001
71C84	228	8441494.332999999	5940182.901
71C84	229	8441584.688155595	5940195.301354492
71C84	230	8441587.396266129	5940183.554651984
71C84	231	8441495.511999998	5940170.954
71C84	232	8441495.947	5940167.139999999
71C84	233	8441543.416000001	5940170.532
71C84	234	8441543.288	5940165.922000001
71C84	235	8441559.41	5940155.241000001
71C84	236	8441572.997000001	5940158.223999999
71C84	237	8441576.794	5940149.708999999
71C84	238	8441591.805	5940150.917000001
71C84	239	8441613.287999999	5940074.584999999
71C84	240	8441613.249000002	5940054.251
71C84	241	8441616.123	5940028.269999999
71C84	242	8441626.31	5940030.78
71C84	243	8441629.21	5940031.940000001
71C85	0	8441104.511666544	5940802.28933783
71C85	1	8441105.571301157	5940811.492077165
71C85	2	8441072.201847775	5940815.051384414
71C85	3	8441071.096832244	5940808.39823053
71C85	4	8441101.326223362	5940802.871699856
71C85	5	8441097.51	5940774.59
71C85	6	8441095.620999997	5940754.938999999
71C85	7	8441095.298000002	5940744.667999999
71C85	8	8441097.15	5940737.87
71C85	9	8441104.511666544	5940802.28933783