264	0	19.476389019020683	50.47758339501689
264	1	19.476446188265157	50.47764028001192
264	2	19.47648425964161	50.47769951918067
264	3	19.47642322292937	50.47775155669027
264	4	19.4762840058826	50.47787015993331
264	5	19.476429026981478	50.47791667595245
264	6	19.476618130621535	50.4779774119848
264	7	19.476680107531735	50.47792348462243
264	8	19.476722584047316	50.47794294467597
264	9	19.476927819217046	50.47805855216023
264	10	19.477155192473347	50.478164619795905
264	11	19.477387703147254	50.478256069822955
264	12	19.477746036831338	50.478280497338844
264	13	19.478052047345155	50.47836435665109
264	14	19.477954228616333	50.478255724738936
264	15	19.47799797511773	50.47824047272
264	16	19.478483497865536	50.47824115730435
264	17	19.478495528253564	50.47823070520877
264	18	19.47860990254322	50.47828452815484
264	19	19.478631970359427	50.47829497648572
264	20	19.47867322012381	50.47826971155943
264	21	19.478626578207024	50.47824788304362
264	22	19.478653933103363	50.47822531359498
264	23	19.47843939439802	50.4781271141995
264	24	19.478780943278803	50.47792065041248
264	25	19.479075796589118	50.47761053844843
264	26	19.48086195617238	50.477826455928955
264	27	19.481046061949886	50.47730054776107
264	28	19.480839617441973	50.477261888962815
264	29	19.480451779085563	50.47714596631792
264	30	19.480204690647533	50.4769819805298
264	31	19.479657118963694	50.476394908286345
264	32	19.479373274965	50.47640180906256
264	33	19.479254859866685	50.4764301118257
264	34	19.479156289569783	50.47647225023616
264	35	19.479152144737377	50.4764740841796
264	36	19.478936104474563	50.4765677340917
264	37	19.478763032889635	50.47663955769888
264	38	19.47813730117994	50.476898768911205
264	39	19.477866841962463	50.47701085601658
264	40	19.477856701000746	50.477015128967636
264	41	19.477602797161225	50.47712059883863
264	42	19.477393158629965	50.47720776621354
264	43	19.47720670780204	50.477283638237864
264	44	19.476983414400035	50.47737476206052
264	45	19.476972135014226	50.47737937967616
264	46	19.476766148068474	50.477462457854
264	47	19.476709049600355	50.477485446723584
264	48	19.476564736617437	50.47754343772499
264	49	19.4765114839686	50.477565128192424
264	50	19.476508655616886	50.47756545080563
264	51	19.476389019020683	50.47758339501689
265	0	19.476766148068474	50.477462457854
265	1	19.47695500470563	50.477684400143204
265	2	19.476931112915278	50.477705245752645
265	3	19.477107399095214	50.47790982100532
265	4	19.477197029391423	50.47797941544452
265	5	19.477308566090045	50.478042553195024
265	6	19.47741333890221	50.478092565383776
265	7	19.47754522120777	50.478132053022584
265	8	19.47770014879481	50.47816033348484
265	9	19.477875866476726	50.478168655907645
265	10	19.477930502075967	50.47816532455457
265	11	19.4780533200223	50.47815802974723
265	12	19.478230898767492	50.478134727637546
265	13	19.47843939439802	50.4781271141995
266	0	19.477954228616333	50.478255724738936
266	1	19.477933134521606	50.478232252392154
266	2	19.477810794731692	50.47822640282678
266	3	19.477642484653778	50.47820999551841
266	4	19.47747766685519	50.47818331815945
266	5	19.47723300556247	50.47810010914711
266	6	19.47702243500116	50.47798000778863
266	7	19.47675395380247	50.477859341072296
266	8	19.476753930984877	50.477859331368215
266	9	19.476641493677885	50.477738562294334
266	10	19.476574478471576	50.47762264115561
266	11	19.47660327454228	50.47759815798446
266	12	19.476527766548113	50.47757197926484
266	13	19.476508655616875	50.47756545080563
267	0	19.281222102661328	50.485227456525394
267	1	19.281261364303482	50.48521347072194
267	2	19.28075010058073	50.48500352754328
267	3	19.281222102661328	50.485227456525394
268	0	19.358439769633744	50.47619987673988
268	1	19.35799159936505	50.475722074763084
268	2	19.357982262614218	50.47571212177329
268	3	19.357449682915245	50.475857422509726
268	4	19.357495471702098	50.475906044178544
268	5	19.35743267414951	50.476169046760845
268	6	19.357197052619938	50.47629627151576
268	7	19.35742234937294	50.47653600788066
268	8	19.357028758953366	50.476655697649605
268	9	19.35629209554095	50.47687240990791
268	10	19.35528611132374	50.47711102590784
268	11	19.35446154651071	50.477306434055244
268	12	19.354307507955	50.47725876073023
268	13	19.354106090794467	50.47730949910009
268	14	19.353924576823626	50.47735512399758
268	15	19.35398558091974	50.47742018341348
268	16	19.353732935238824	50.47747729948591
268	17	19.35361362051093	50.4775211064846
268	18	19.35365627408639	50.47756684529984
268	19	19.351397925248747	50.47797166113837
268	20	19.351350190157273	50.47789788714896
268	21	19.350195261937447	50.47807473798899
268	22	19.349854134101786	50.478175996296365
268	23	19.348443783530637	50.478391915334974
268	24	19.348425082355025	50.478342288720924
268	25	19.348277769944374	50.47836447388898
268	26	19.348149434512965	50.4783273171828
268	27	19.34792667250268	50.47835948994832
268	28	19.347975020085695	50.47841151556544
268	29	19.347810966700514	50.4784369690145
268	30	19.34785524589537	50.47848444136313
268	31	19.347685677744824	50.47851044571882
268	32	19.346515539020324	50.4786539568709
268	33	19.346169041773354	50.47867052175648
268	34	19.345721889008832	50.478716764010116
268	35	19.34530898562876	50.47880305245244
268	36	19.344883210878415	50.47886649876157
268	37	19.34391456297737	50.47898138053778
268	38	19.34196441926398	50.47911482187108
268	39	19.340790930711307	50.479167957034626
268	40	19.34009361896441	50.47915504553124
268	41	19.339238387011648	50.479185371256726
268	42	19.33833528948199	50.479174277460274
268	43	19.33690103022659	50.47910550620174
268	44	19.33603566467546	50.47907928923517
268	45	19.334443623981908	50.47898170761241
268	46	19.333612002608344	50.47895766387706
268	47	19.332371280177313	50.47884710189877
268	48	19.332036495259867	50.47843069009023
268	49	19.331483211632055	50.47767316814857
268	50	19.331218686717886	50.47774669870339
268	51	19.331774415442748	50.47856674528014
268	52	19.3319109246601	50.478795638138216
268	53	19.33184451360022	50.47885294863668
268	54	19.33118755022647	50.47886681618587
268	55	19.330684602318975	50.478828493176074
268	56	19.330265987997098	50.47884010999226
268	57	19.329704329400197	50.47889642606676
268	58	19.329380740306693	50.478878474127384
268	59	19.329283901723592	50.47874365552924
268	60	19.329239821641362	50.47879894746783
268	61	19.32919176149485	50.47885921727547
268	62	19.32917215285471	50.47888384115648
268	63	19.329152985708532	50.47890793190564
268	64	19.329135738112214	50.478929532697734
268	65	19.32907635663814	50.47893524358555
268	66	19.329088415222138	50.47892094101837
268	67	19.32905912506681	50.47888091288012
268	68	19.32871509704462	50.478870276868236
268	69	19.328780162741438	50.478963538083406
268	70	19.32868826263417	50.47897237820673
268	71	19.32851787902407	50.47873355426477
268	72	19.328542201157813	50.47885492419141
268	73	19.328240467392977	50.478836563702316
268	74	19.3277806679216	50.479052937260725
268	75	19.326755515640887	50.47920642533577
268	76	19.32652585156441	50.479293843305626
268	77	19.3256561479995	50.47947814888086
268	78	19.32479803715622	50.47966117628285
268	79	19.32413471091906	50.479842597031265
268	80	19.324069328123212	50.479790855535555
268	81	19.32388542682172	50.47988692948316
268	82	19.323568211824888	50.47998737647776
268	83	19.32305839479622	50.480127035861415
268	84	19.321285721301344	50.48064526090442
268	85	19.320169941258218	50.48096470871595
268	86	19.319894951107404	50.48105020060516
268	87	19.319671752223737	50.481105690028485
268	88	19.319532915735515	50.481162397307116
268	89	19.319433388218055	50.481147743054734
268	90	19.319359639852323	50.48119289240923
268	91	19.3185553690353	50.481381956285176
268	92	19.31784895794144	50.48158088090478
268	93	19.317690089925787	50.481514516223406
268	94	19.317625934188058	50.48151615421813
268	95	19.31765168775018	50.48164803359847
268	96	19.317523887539764	50.48169153775193
268	97	19.317111032027917	50.481790134869364
268	98	19.317005482397946	50.481802185031796
268	99	19.31689978868266	50.48181432292607
268	100	19.316690097578906	50.481838443142024
268	101	19.316478622897034	50.48185723240928
268	102	19.316377336536313	50.48186826474318
268	103	19.316255253813758	50.48188160352127
268	104	19.31618310846145	50.4818894608647
268	105	19.316056781223445	50.48190327748724
268	106	19.315987462222015	50.48191090587424
268	107	19.315852930922933	50.481925592578584
268	108	19.315714155126646	50.481940757163294
268	109	19.315578208858824	50.48195560289383
268	110	19.315517093674572	50.4819623607232
268	111	19.315438018086823	50.48197092649127
268	112	19.31502324213713	50.48201635082073
268	113	19.31491362308525	50.48202789060987
268	114	19.31480821645186	50.48203985094239
268	115	19.314708344158145	50.482050722481
268	116	19.314594323691733	50.48206318725302
268	117	19.314486525790276	50.48207502275045
268	118	19.314385094501528	50.4820861411657
268	119	19.314271073872312	50.48209860561924
268	120	19.31386463698722	50.48212742311298
268	121	19.31345057177447	50.482156758012046
268	122	19.313115191950935	50.48218057863047
268	123	19.312998216260798	50.482188952991606
268	124	19.312886755778457	50.48219677781387
268	125	19.312463361839907	50.48222687307204
268	126	19.312035306797355	50.482257258827495
268	127	19.311609229441682	50.4822874918811
268	128	19.31140664654213	50.48230181547259
268	129	19.311222283453606	50.482314964537686
268	130	19.311033685385503	50.48232832158022
268	131	19.31024962223882	50.482383923298485
268	132	19.310155257059076	50.482331213641515
268	133	19.309921535237475	50.482392825416134
268	134	19.309909345407934	50.482402718455155
268	135	19.309819233993128	50.48247567650823
268	136	19.309112078605292	50.48246495402123
268	137	19.308101270200915	50.48244972295266
268	138	19.307558732006363	50.482379075643806
268	139	19.307307891401432	50.4823793833689
268	140	19.306895542213837	50.482194910583765
268	141	19.306805213274597	50.482151607699976
268	142	19.306524649450736	50.48210436766993
268	143	19.30639516257469	50.4820960995367
268	144	19.306387821903368	50.48212800116906
268	145	19.30634562890454	50.482310986217456
268	146	19.305813701056998	50.482345681534724
268	147	19.30511536811847	50.48233263557024
268	148	19.304463951847037	50.48235920065406
268	149	19.302853597098462	50.48231909279892
268	150	19.3013510548031	50.482274782082115
268	151	19.3013646401426	50.482218156341254
268	152	19.297850863786834	50.48211385549711
268	153	19.29741291521233	50.48216049657338
268	154	19.29551688113006	50.482149374283885
268	155	19.294601616016827	50.48220088083438
268	156	19.293446929795564	50.48232682265583
268	157	19.293092194694477	50.482386895745314
268	158	19.29164340084404	50.4827045125504
268	159	19.29154880436186	50.482627508196146
268	160	19.29029774991301	50.48285782989542
268	161	19.290147246727237	50.48299848807734
268	162	19.289976526849642	50.48302771831361
268	163	19.289945774527414	50.482954438057774
268	164	19.28742487152671	50.48344253978991
268	165	19.28739397803334	50.48350969864013
268	166	19.286137275092504	50.483661220007285
268	167	19.285202531860964	50.48373583282997
268	168	19.285123197494627	50.48376298591163
268	169	19.283960560896816	50.483807076943265
268	170	19.28274592031462	50.483796801650776
268	171	19.280764901124037	50.48364050628747
268	172	19.279601462451822	50.48346605662894
268	173	19.278685634925676	50.48329912434086
268	174	19.27755816159691	50.48263202066334
268	175	19.276847935535198	50.482252508592694
268	176	19.275415177896953	50.482099563432755
268	177	19.274703521853343	50.482003778265415
268	178	19.27331192310282	50.481421729231435
268	179	19.27304011475895	50.48131312845955
268	180	19.272621743222718	50.48118176175956
268	181	19.272554501931822	50.481194070543694
268	182	19.271635469809297	50.48090826137683
268	183	19.27051722814578	50.48066030430042
268	184	19.2696007188906	50.48049122189924
268	185	19.268701140715805	50.48041040777246
268	186	19.26769332829048	50.48031853475481
268	187	19.267687089493016	50.48034271806378
268	188	19.266818039088033	50.48026342273409
268	189	19.26552802597632	50.48013981445142
268	190	19.265487537028044	50.48010648305096
268	191	19.265436244790077	50.48006417924552
268	192	19.26513689776225	50.48003876735576
268	193	19.265043641739837	50.48006884614453
268	194	19.264967499393663	50.48009333575662
268	195	19.2642176753677	50.48002919541638
268	196	19.263119173470734	50.47986705741501
268	197	19.261998936754363	50.47964461317641
268	198	19.261116731181385	50.47942139950191
268	199	19.260212442090353	50.479155140781685
268	200	19.26002537754588	50.47909596909095
268	201	19.259948584348535	50.478973170039765
268	202	19.25970367994478	50.47890054525313
268	203	19.259656020444215	50.478982011937696
268	204	19.259479720695477	50.478940533173684
268	205	19.25926071318525	50.479336645789736
268	206	19.259256944825978	50.47934333280925
268	207	19.259250117718892	50.47936040385019
268	208	19.2592320064567	50.479393130578046
268	209	19.259397204139564	50.47942617175144
268	210	19.25944858286399	50.479431435853876
268	211	19.26026525284252	50.479697019967375
268	212	19.260541517242128	50.4797868359206
268	213	19.26131015147053	50.47997940544628
268	214	19.262551794436792	50.48027272132332
268	215	19.262713243686928	50.48030821932138
268	216	19.262666148186433	50.48035903568827
268	217	19.26265811725877	50.4803743806238
268	218	19.2625867298068	50.48051123955373
268	219	19.262658111745562	50.4805167109728
268	220	19.26367878843044	50.48059578237533
268	221	19.263599859039825	50.48077316951908
268	222	19.264506115373287	50.480910137757476
268	223	19.264579455983565	50.48070443436206
268	224	19.26514507452069	50.480777514785515
268	225	19.26564496579928	50.48077921192419
268	226	19.265533512560484	50.48096375810239
268	227	19.265603576922814	50.481205406361354
268	228	19.2659073103567	50.48129597851197
268	229	19.26647431537255	50.481265944263974
268	230	19.2666042174556	50.48085437501403
268	231	19.26850178387792	50.48101875177045
268	232	19.269416769484724	50.48114870851137
268	233	19.270210773098324	50.48131183539373
268	234	19.270367289003506	50.48135534144253
268	235	19.27097339949003	50.48152403199191
268	236	19.273561443561398	50.482408795786235
268	237	19.274838939431795	50.48327309119948
268	238	19.275341814196466	50.483604415931175
268	239	19.275769981773802	50.48377387039138
268	240	19.27745659193202	50.4839643567102
268	241	19.277938689190854	50.48392150093164
268	242	19.27796135523833	50.48388722035884
268	243	19.2780697597165	50.4837582727516
268	244	19.27811338055181	50.48377555185302
268	245	19.280140126327538	50.484151143353074
268	246	19.280168939003257	50.484207584115914
268	247	19.28030563141216	50.48447547284991
268	248	19.2801628330281	50.484589258614285
268	249	19.2814855059749	50.485114371623496
268	250	19.28163738078175	50.485158243394345
268	251	19.281840723888273	50.48521681117061
268	252	19.281884155637428	50.485169439614054
268	253	19.281517767156025	50.48504085078859
268	254	19.28095704601454	50.48470259358193
268	255	19.280969307342463	50.48436470704958
268	256	19.281069678861392	50.48430936554989
268	257	19.281112960452813	50.484285548899436
268	258	19.2818248147857	50.4843421859756
268	259	19.282510874229505	50.48433684854546
268	260	19.284284845023276	50.48437830147713
268	261	19.285067087416632	50.484363128049864
268	262	19.285942018954813	50.48431002328183
268	263	19.287075109813216	50.48420253941383
268	264	19.288889300140678	50.483902940167596
268	265	19.289146727452597	50.48437992951974
268	266	19.289580449065266	50.48429504491733
268	267	19.29004907810464	50.484308855029916
268	268	19.28988693818852	50.48399097286964
268	269	19.290019440504015	50.48396261976826
268	270	19.29118244307871	50.483986446676774
268	271	19.29202049107674	50.483795100100046
268	272	19.291783148124907	50.48335833272575
268	273	19.29266959064645	50.4831766830468
268	274	19.292902806634693	50.48318460000921
268	275	19.29286875518056	50.48312062295163
268	276	19.29418702178322	50.4829333374709
268	277	19.294186856938445	50.4829457428437
268	278	19.2943371707503	50.48295873549453
268	279	19.294301968655073	50.48311061954201
268	280	19.294425150673657	50.48301612978009
268	281	19.294448008019366	50.48296836212463
268	282	19.294468280110546	50.48292586135434
268	283	19.29463889847216	50.48290327650413
268	284	19.295819811437408	50.48285161414485
268	285	19.29674082108784	50.482828773897296
268	286	19.29787909312835	50.48288130332006
268	287	19.298792115304686	50.48287289566126
268	288	19.2993657481612	50.48287795337568
268	289	19.30102183352959	50.48290861710511
268	290	19.30106313789602	50.482967123105155
268	291	19.30118196290366	50.482978028776465
268	292	19.301326171381024	50.482909823128736
268	293	19.305657720769922	50.48301513879109
268	294	19.305636923729224	50.48310411802141
268	295	19.30615623358773	50.48313091904169
268	296	19.307067356790014	50.483144177332754
268	297	19.307061422227534	50.483310247262054
268	298	19.308114239554847	50.48332555857348
268	299	19.308171961095912	50.48307455595304
268	300	19.308718868566302	50.48309806037664
268	301	19.309587749050234	50.48310250304937
268	302	19.310873129070703	50.48314400486931
268	303	19.3118711628018	50.48313457057453
268	304	19.312295717526567	50.48311168717986
268	305	19.31271263752345	50.483105325140535
268	306	19.31329127224607	50.48305706925733
268	307	19.314018962899706	50.482966194258445
268	308	19.31410720302049	50.48299714338276
268	309	19.314218009389855	50.48299982753529
268	310	19.314227642508335	50.482946919392354
268	311	19.314331636153113	50.48292720673508
268	312	19.31443920869983	50.4829138396168
268	313	19.315575219653	50.482796680169194
268	314	19.316239480967187	50.48270604203215
268	315	19.316331628392362	50.48282929501746
268	316	19.316731053710363	50.48276790948052
268	317	19.31684245150119	50.48276583438977
268	318	19.31683744467621	50.48279570244174
268	319	19.316952784093765	50.4828056424607
268	320	19.317688404771385	50.48267367986157
268	321	19.31768664068652	50.482612244932355
268	322	19.318091363237894	50.48260397899102
268	323	19.318077063240146	50.48243123250625
268	324	19.318113560314814	50.48242726443003
268	325	19.318159870543493	50.48236121953779
268	326	19.318148846258573	50.48230657395416
268	327	19.318477859716463	50.48221988874357
268	328	19.31880144130915	50.48214328411144
268	329	19.32319760784492	50.48084383670607
268	330	19.324144935981266	50.48056140523805
268	331	19.324936876238066	50.480357379917294
268	332	19.32613604029862	50.48009339240137
268	333	19.327049650951	50.47993488959316
268	334	19.328047209429876	50.47980509864052
268	335	19.328347591836696	50.479794039205736
268	336	19.328394658919965	50.47978820227827
268	337	19.32832388862185	50.479866020123275
268	338	19.328440203169517	50.47983683726456
268	339	19.328551690708803	50.47976424321535
268	340	19.329129755364796	50.47966258321876
268	341	19.329201575600827	50.479691756637465
268	342	19.329215140888554	50.47971065294398
268	343	19.329419026166377	50.479658914022984
268	344	19.3305368486763	50.47957875089361
268	345	19.331644222779403	50.479615132027014
268	346	19.331657728905245	50.479635735509845
268	347	19.331684078146715	50.47967576411924
268	348	19.33247168842334	50.47952934862072
268	349	19.332506382593373	50.47957650969657
268	350	19.33284027079508	50.480030759797984
268	351	19.333063117219606	50.47996867662368
268	352	19.3331432420299	50.48000219237957
268	353	19.333384471194204	50.47994226003625
268	354	19.33350646411484	50.47965476273737
268	355	19.333519839795485	50.479502824502816
268	356	19.33364013873968	50.4795038279027
268	357	19.333892073796452	50.47954807509775
268	358	19.3348409111679	50.479528838505736
268	359	19.334865207313385	50.47982382518472
268	360	19.33572121893461	50.47979579048031
268	361	19.335737421880033	50.47973164579047
268	362	19.33578812227455	50.47972436877457
268	363	19.33616483648754	50.479670234368115
268	364	19.33670842006376	50.4796592137252
268	365	19.336893139661143	50.4796554701106
268	366	19.33691443118568	50.47965505510849
268	367	19.336942492317913	50.47965446711454
268	368	19.336975063367213	50.47965385365336
268	369	19.33699649572703	50.47965344064888
268	370	19.33706982210192	50.47965188108525
268	371	19.337090265451913	50.47965154384168
268	372	19.337110852792062	50.47965111874093
268	373	19.33712580036969	50.47965079286923
268	374	19.337153579825255	50.47965020079934
268	375	19.337181215290098	50.47964969657655
268	376	19.337215338688353	50.479649015318586
268	377	19.33724805372227	50.47964831392718
268	378	19.33727653735736	50.479647731889635
268	379	19.337311931434318	50.47964697884797
268	380	19.337356489334375	50.47964608699126
268	381	19.337398227352494	50.47964524474042
268	382	19.337489599681412	50.47964340327048
268	383	19.337578292960973	50.479641613367946
268	384	19.3376375167531	50.479640391447894
268	385	19.337696596553627	50.479639257352
268	386	19.337726069187767	50.47963859942077
268	387	19.337755679504838	50.479638033359926
268	388	19.33787539460024	50.47963560741314
268	389	19.33793447754442	50.479634383330186
268	390	19.33799355733399	50.47963324908338
268	391	19.338052640273595	50.479632024940386
268	392	19.338055524680566	50.479674324388384
268	393	19.33885469546492	50.47965174863655
268	394	19.33888318854352	50.47965089660696
268	395	19.339157908318356	50.479664348343
268	396	19.339538321362927	50.479665371365606
268	397	19.339672304532343	50.479649840305
268	398	19.340254556864064	50.47964510911664
268	399	19.341111965082955	50.47961723451201
268	400	19.34246342019513	50.47956033732072
268	401	19.34245636077936	50.479552684232445
268	402	19.342615595236232	50.47954434270421
268	403	19.342624150438283	50.47955354557557
268	404	19.342742122327873	50.479548572283
268	405	19.343549521523013	50.47949605116006
268	406	19.34444054091317	50.47942151703917
268	407	19.345525791109157	50.479296690159295
268	408	19.34565484628461	50.47930517833712
268	409	19.346134258646398	50.47922702680141
268	410	19.34617574122129	50.479205228483195
268	411	19.347224053408024	50.47905648394788
268	412	19.34739975989422	50.479052505740064
268	413	19.347554837440157	50.47900975238528
268	414	19.348418349436066	50.47888714436845
268	415	19.348597500500382	50.47890155510616
268	416	19.34867481950698	50.4788783763186
268	417	19.348779301238782	50.478835892376736
268	418	19.349072138214876	50.47879437236757
268	419	19.349120832438082	50.478804144200026
268	420	19.349491685110635	50.47875581770576
268	421	19.349543656400552	50.47872814291493
268	422	19.351685525094407	50.478416659165006
268	423	19.352506115206854	50.478291884424706
268	424	19.352567387578237	50.47830057413324
268	425	19.353236207379425	50.47820052896648
268	426	19.35337650083368	50.47835185648397
268	427	19.35342833919846	50.47834009234574
268	428	19.353481598365	50.478327988643265
268	429	19.353623865192834	50.47828873232117
268	430	19.353712165819193	50.47826570556449
268	431	19.35375425840528	50.47825461260638
268	432	19.35377786154727	50.47824847291475
268	433	19.353794783071944	50.47824403691909
268	434	19.353813691871096	50.478239179478095
268	435	19.35383274774398	50.478234144292436
268	436	19.353847678859616	50.478230219599034
268	437	19.35386403079414	50.47822595535809
268	438	19.353975937403572	50.47819669881742
268	439	19.354045469777628	50.47817853126417
268	440	19.35411969329438	50.47815917126444
268	441	19.354191926359814	50.47814032253301
268	442	19.354318194035454	50.47810731268528
268	443	19.354442611984563	50.478074816010796
268	444	19.35448114596314	50.47806475140182
268	445	19.354519395139118	50.47805477266405
268	446	19.354568450576515	50.47804197964716
268	447	19.354944406804062	50.477943717429696
268	448	19.35503682462524	50.47791975885316
268	449	19.355117725741323	50.47789878430197
268	450	19.355140045445197	50.47789307574902
268	451	19.355178150396178	50.47788318466808
268	452	19.355216255331506	50.47787329357447
268	453	19.35525421629952	50.47786349034469
268	454	19.355292321203617	50.47785359922583
268	455	19.355330426092067	50.47784370809435
268	456	19.35538317392827	50.47783006781027
268	457	19.3554359248536	50.477816337635005
268	458	19.355488672629935	50.47780269730246
268	459	19.355540994761157	50.47778914084219
268	460	19.355594027260793	50.47777541457459
268	461	19.35572682118479	50.47774105684979
268	462	19.355786963780314	50.477725452915585
268	463	19.355847247168725	50.47770985093968
268	464	19.356103739811886	50.477643343967074
268	465	19.356469422125976	50.47754861806023
268	466	19.356542075848903	50.47752977381714
268	467	19.356615439905376	50.477510759738266
268	468	19.356690794242127	50.47749123425289
268	469	19.356717394607735	50.47748396744926
268	470	19.356746414029203	50.47747601551091
268	471	19.35677557738878	50.477467975686814
268	472	19.356804596790987	50.47746002373373
268	473	19.35683375701478	50.477452073761896
268	474	19.35709251829338	50.47738101118922
268	475	19.357215423853134	50.477347321366636
268	476	19.35732239730123	50.47731799197926
268	477	19.357378586241747	50.47730260114857
268	478	19.35744601603802	50.47728404224833
268	479	19.35751344266719	50.477265573175536
268	480	19.357581013190117	50.4772470161837
268	481	19.357649009267476	50.47722837524777
268	482	19.357694385861745	50.47721597855295
268	483	19.357738911220117	50.47720374964945
268	484	19.357783010949785	50.47719160463352
268	485	19.357826966712302	50.47717954748033
268	486	19.357870922452772	50.47716749031031
268	487	19.357893257062223	50.47716133188655
268	488	19.35791558855176	50.47715526332557
268	489	19.35793637401539	50.47714908303348
268	490	19.357959544247766	50.47714320612159
268	491	19.357981878834604	50.477137047680586
268	492	19.357986003398665	50.477135937036586
268	493	19.358034636900555	50.477119000702814
268	494	19.35808726343816	50.477100682112315
268	495	19.35812035331605	50.4770891009124
268	496	19.35815358089434	50.47707761155702
268	497	19.358187381118523	50.47706586053837
268	498	19.358221181326048	50.477054109509695
268	499	19.358254271139323	50.47704252827103
268	500	19.358287498653123	50.47703103887666
268	501	19.358387619155366	50.476996127260065
268	502	19.358488593830142	50.47696095787376
268	503	19.358949491196295	50.476797706407
268	504	19.358995551028716	50.47684286190786
268	505	19.359035487465068	50.47682885948851
268	506	19.359121922444025	50.47679851954148
268	507	19.35922061800096	50.47676403667401
268	508	19.359379063686966	50.47670486139215
268	509	19.359550354701934	50.47664092187064
268	510	19.359721789198083	50.47657689420974
268	511	19.35989293846716	50.47651295218861
268	512	19.359855973695296	50.47647367953968
268	513	19.360027131742314	50.47640946771316
268	514	19.360117204218174	50.47637576167455
268	515	19.360207135738804	50.476342053580346
268	516	19.360297064022944	50.47630843528244
268	517	19.360388140570585	50.47627420371703
268	518	19.36047850041117	50.47624032162711
268	519	19.36053645382418	50.476218660366094
268	520	19.36059640675476	50.4761962180465
268	521	19.360659501363326	50.4761725612003
268	522	19.360714312880713	50.476152114343975
268	523	19.36077898134552	50.47612776031612
268	524	19.360833223233172	50.47610748520202
268	525	19.36086234372132	50.476096566601505
268	526	19.360891605023607	50.476085649977165
268	527	19.36092072548511	50.47607473136172
268	528	19.360951132029985	50.47606329138741
268	529	19.36098995927271	50.47604873321156
268	530	19.361028786491815	50.47603417502251
268	531	19.36106889667331	50.47601918533472
268	532	19.36109802016186	50.476008176806744
268	533	19.36112713742098	50.47599734800585
268	534	19.361156401709973	50.475986341446315
268	535	19.361185381223326	50.475975420779974
268	536	19.361207360743162	50.475967278679725
268	537	19.361229202536236	50.475959044724725
268	538	19.361251041213993	50.47595090063282
268	539	19.361272882992054	50.47594266666946
268	540	19.36129486248192	50.47593452455233
268	541	19.361316704244945	50.475926290580574
268	542	19.36133854289283	50.47591814647191
268	543	19.36136166762132	50.47590948100301
268	544	19.361419911208944	50.47588755365734
268	545	19.361478151635755	50.47586571614921
268	546	19.361536532836123	50.47584388059417
268	547	19.361580641775863	50.47582732863499
268	548	19.361885830026544	50.47571294262669
268	549	19.36206069069635	50.4756474312814
268	550	19.362177311151903	50.47560375756295
268	551	19.362234408748947	50.4755823531486
268	552	19.362291647120827	50.475560950687594
268	553	19.36234874461551	50.47553954621601
268	554	19.362406984193722	50.47551770823353
268	555	19.362465364544516	50.475495872202984
268	556	19.36254544535701	50.47546579995381
268	557	19.362557577016776	50.47546129528931
268	558	19.362569711779514	50.4754567007562
268	559	19.362581846539875	50.47545210622177
268	560	19.362668204263233	50.4754197845247
268	561	19.362754280218766	50.47538745879955
268	562	19.36284020591829	50.475355400630185
268	563	19.362854765705595	50.475349941074604
268	564	19.362869187768812	50.47534438966859
268	565	19.362893876544096	50.47533529634564
268	566	19.362927567696662	50.47532255340142
268	567	19.362960395252696	50.475310337764725
268	568	19.3629930850711	50.47529803027013
268	569	19.363010210721576	50.475291707680405
268	570	19.363027057821384	50.47528529125867
268	571	19.363044183462794	50.47527896866382
268	572	19.363059888430698	50.47527298572597
268	573	19.363148670574738	50.47523979866828
268	574	19.363174081992536	50.47523017598491
268	575	19.363199771946128	50.47522064712488
268	576	19.36322632546334	50.47521059093958
268	577	19.363253157515416	50.475200628577
268	578	19.363279711010243	50.47519057237926
268	579	19.36330897120555	50.47517965513468
268	580	19.36333809056258	50.47516873590194
268	581	19.363367350731206	50.4751578186424
268	582	19.363396470061602	50.47514689939477
268	583	19.363414024286172	50.47514040295138
268	584	19.36345585390174	50.47512453751696
268	585	19.36349224215001	50.47511120296385
268	586	19.363514233292953	50.47510270094948
268	587	19.363572612630776	50.47508086435214
268	588	19.363601731867377	50.47506994505208
268	589	19.363632265542936	50.475058865812734
268	590	19.363656400036653	50.475049494801425
268	591	19.363680666036167	50.475040395367394
268	592	19.363704059152113	50.47503209285352
268	593	19.363727183022892	50.47502342690494
268	594	19.363750303782314	50.47501485081906
268	595	19.36386820408261	50.474970743855785
268	596	19.363897460906244	50.474959916327634
268	597	19.36392657999491	50.47494899694464
268	598	19.363955702172834	50.4749379876868
268	599	19.363984276552863	50.474926521165045
268	600	19.364066204783136	50.47489593438169
268	601	19.364147566510137	50.474865429488254
268	602	19.36422892813328	50.474834924536765
268	603	19.364310289652543	50.47480441952722
268	604	19.364329702253748	50.4747971398691
268	605	19.364349114849027	50.47478986020766
268	606	19.36436852743841	50.47478258054295
268	607	19.364386797922904	50.47477573437709
268	608	19.36440621050079	50.47476845470596
268	609	19.364425482249015	50.47476117305217
268	610	19.36444375271714	50.47475432687719
268	611	19.364462164003783	50.474747482678595
268	612	19.364537389171943	50.474719228951066
268	613	19.364612751973432	50.47469106702047
268	614	19.36465043489146	50.47467694110278
268	615	19.364687976963722	50.47466281319363
268	616	19.364697683207527	50.47465917333284
268	617	19.364707389449865	50.47465553347122
268	618	19.364729658712648	50.47464712504781
268	619	19.364764625604067	50.47463412976904
268	620	19.364992008251097	50.474548852377914
268	621	19.365998465917492	50.47417088728677
268	622	19.368178761887552	50.473352003061436
268	623	19.370884975209677	50.47231800240891
268	624	19.37422461233389	50.471049941104496
268	625	19.376048675156714	50.47033634326948
268	626	19.376666794642745	50.47011587479384
268	627	19.37728936225581	50.46991344727808
268	628	19.378959587306763	50.46953914055039
268	629	19.381599221721842	50.46857679236741
268	630	19.38272316600762	50.46836458466267
268	631	19.382919246381768	50.46872839214048
268	632	19.383472168781022	50.46880296846983
268	633	19.384381223946665	50.468588208850946
268	634	19.38455576099886	50.468547025242486
268	635	19.38456622099749	50.46836411177526
268	636	19.385043031510442	50.46827029972064
268	637	19.386081362651275	50.468064603767615
268	638	19.386663014497596	50.46794895224025
268	639	19.386742024692083	50.46784188481849
268	640	19.386971303083854	50.467433810713224
268	641	19.387073802960465	50.46710417945875
268	642	19.386772454156652	50.46707608566598
268	643	19.386647335591263	50.46706446076212
268	644	19.385376774242022	50.467289686994576
268	645	19.38522022621173	50.46719994137532
268	646	19.384942204552328	50.467243825587104
268	647	19.384249332710766	50.46745269035532
268	648	19.38400772271127	50.46746560909624
268	649	19.383852061076873	50.46747387689032
268	650	19.383765429280665	50.4674985679882
268	651	19.383050044744483	50.46770225775428
268	652	19.381596549944593	50.46801139502346
268	653	19.381060167659843	50.46814994903585
268	654	19.381002411704422	50.46819526979872
268	655	19.38029100647284	50.46839315382416
268	656	19.37691678119856	50.46935278086979
268	657	19.37679330062652	50.46938783204064
268	658	19.375465524321744	50.469861115840466
268	659	19.37443075228609	50.4702767991742
268	660	19.373771410003744	50.47052814857241
268	661	19.372778548242813	50.4709040329548
268	662	19.371610587017148	50.47136098605128
268	663	19.369996078029093	50.4719878089166
268	664	19.36958155126249	50.472140694562206
268	665	19.36770908301504	50.472855850221045
268	666	19.36649358984325	50.4732992282003
268	667	19.364639646185076	50.473993375765225
268	668	19.364461919508006	50.47380745942659
268	669	19.363886463223235	50.47402154008726
268	670	19.36406376715931	50.47421149735875
268	671	19.36242098283769	50.474827208664905
268	672	19.361411829382668	50.47520447561563
268	673	19.36083917056074	50.47541417504136
268	674	19.36004813638516	50.475696679256345
268	675	19.359346195486147	50.475932781414585
268	676	19.358814824216537	50.47610520047799
268	677	19.358521505202518	50.47616543961792
268	678	19.35843976963372	50.476199876739905
269	0	19.386772454156652	50.46707608566598
269	1	19.38659966831584	50.46721089415297
269	2	19.385715314100516	50.46735911992775
269	3	19.385370795959915	50.467427976996426
269	4	19.384949238932542	50.467492167370864
269	5	19.384837450445335	50.467461394683085
269	6	19.384711914311058	50.46749921293041
269	7	19.384555371013498	50.46751268426221
269	8	19.38421592236616	50.467573246581054
269	9	19.384011801178936	50.467622830096786
269	10	19.383552176440446	50.46771678674128
269	11	19.383020989545308	50.46783132579536
269	12	19.382338034380602	50.46798439241419
269	13	19.381998695011397	50.46805807680629
269	14	19.381173263618876	50.46823316164236
269	15	19.38050123989179	50.46841639986237
269	16	19.37987076174997	50.468595717119456
269	17	19.37913919598299	50.468810216701534
269	18	19.379094048304086	50.46883692075285
269	19	19.37876543328644	50.46893034573369
269	20	19.378694340897084	50.46892890565657
269	21	19.378271675896606	50.469049520576895
269	22	19.377627981372374	50.46923169851287
269	23	19.377505559019042	50.469277015043794
269	24	19.377183522791128	50.46936738042194
269	25	19.37686630211943	50.469465184785754
269	26	19.376539453530764	50.46957670025695
269	27	19.3760692477899	50.46974411693669
269	28	19.3754655490265	50.469975482976125
269	29	19.37485602774054	50.47019570552933
269	30	19.373846154454558	50.470575137652446
269	31	19.373438981635026	50.47073614181735
269	32	19.373153889486325	50.47084553416952
269	33	19.37301259979141	50.47091081219472
269	34	19.37289999878902	50.470965252325975
269	35	19.37260556602323	50.47107990739385
269	36	19.372531802217114	50.471086428283144
269	37	19.371836195339036	50.4713552417756
269	38	19.371147487311905	50.47163214978091
269	39	19.370393543601832	50.47192540308619
269	40	19.369946071465087	50.47209410253753
269	41	19.369902138223814	50.472126214716916
269	42	19.369596986250627	50.47224898386571
269	43	19.369527839377128	50.47225637674613
269	44	19.36921763784442	50.472378444775245
269	45	19.368803772155374	50.4725324158628
269	46	19.368370251352474	50.47270067547665
269	47	19.368004115954424	50.47283490317898
269	48	19.36794847885617	50.47286316412972
269	49	19.36777841193299	50.47292911115704
269	50	19.3670851161832	50.4731865101167
269	51	19.366452182112997	50.47342146538591
269	52	19.366003533797937	50.47359076262212
269	53	19.365794685997855	50.47366578268309
269	54	19.365186042880154	50.47389459863872
269	55	19.364581019923808	50.474120405330474
269	56	19.36390528387944	50.47437012005653
269	57	19.363834650700575	50.47441228424058
269	58	19.363532989853024	50.47452690475511
269	59	19.36346347334758	50.4745367164467
269	60	19.36274285491685	50.47480467455792
269	61	19.362347790811583	50.47495151463179
269	62	19.362174771172352	50.47503314639038
269	63	19.36205153641449	50.47505218128959
269	64	19.361473504882888	50.47527070939071
269	65	19.361007448146044	50.47544531682688
269	66	19.360859203150238	50.4754989736014
269	67	19.360786235607616	50.475547396837854
269	68	19.360494498952175	50.475659811627
269	69	19.36041845684516	50.475662696328364
269	70	19.360179325548447	50.47574914793231
269	71	19.36013318995618	50.47578760909736
269	72	19.360077452800642	50.47581038032278
269	73	19.359880748794172	50.47586371257776
269	74	19.35960735041471	50.475963166694115
269	75	19.359259020072653	50.47608628922194
269	76	19.35891049964956	50.47620671070029
269	77	19.358660335598433	50.47628203445963
269	78	19.3585425838099	50.47630941481087
269	79	19.35835218675371	50.476371734652034
269	80	19.35792122888668	50.47650052074744
269	81	19.35767564857878	50.47656952339614
269	82	19.357543376569478	50.47660928536079
269	83	19.357340284917807	50.47665973594057
269	84	19.35709465248981	50.47672612921202
269	85	19.356958035066665	50.47676115378993
269	86	19.35660689075165	50.47685941323363
269	87	19.35634467324011	50.47692862768336
269	88	19.355977856389384	50.477023696802775
269	89	19.355603970648495	50.47711129217349
269	90	19.355221067747024	50.47720289480628
269	91	19.354602750649846	50.47735041917092
269	92	19.354191064851506	50.47744709602267
269	93	19.354106090794467	50.47730949910009
26A	0	19.384381223946665	50.468588208850946
26A	1	19.384266187059414	50.468379906320145
26A	2	19.384582732084873	50.468202051736114
26A	3	19.3849508545339	50.46809800977459
26A	4	19.386185155117026	50.46789584189424
26A	5	19.386439670160044	50.46779768218538
26A	6	19.386742024692083	50.46784188481849
26B	0	19.264579455983565	50.48070443436206
26B	1	19.26393634384959	50.4806004342823
26B	2	19.26367878843044	50.48059578237533
26C	0	19.33578812227455	50.47972436877457
26C	1	19.335797741169667	50.47953074770132
26C	2	19.336134362297756	50.47953088585111
26C	3	19.336786782783083	50.47954228035633
26C	4	19.338111520682475	50.47956426360242
26C	5	19.338704356986593	50.47957111004703
26C	6	19.33930673035946	50.47957521241431
26C	7	19.33964259521455	50.479572812105026
26C	8	19.34018488602898	50.4795704781626
26C	9	19.341038484807793	50.479538683590405
26C	10	19.34160453301751	50.4795178003718
26C	11	19.3421198080825	50.4794942130197
26C	12	19.34220034455038	50.479475849647855
26C	13	19.342615727743116	50.47945596193904
26C	14	19.342629577502255	50.47947090461915
26C	15	19.34325316838697	50.479440403216664
26C	16	19.34394619015667	50.4793907464695
26C	17	19.3446423107549	50.47932494567766
26C	18	19.34535177633154	50.479240089499406
26C	19	19.345677533358636	50.47920021494013
26C	20	19.34611585043268	50.47914081015244
26C	21	19.346543992375178	50.4790741561651
26C	22	19.347574808834963	50.47892596909178
26C	23	19.34858749804284	50.47878830499712
26C	24	19.350152007375247	50.478564320030074
26C	25	19.351639582440722	50.478343989625586
26C	26	19.352780895873863	50.478177810969584
26C	27	19.353516939184527	50.47805704716641
26C	28	19.354290578847497	50.477912534432576
26C	29	19.35500630517786	50.47778014511461
26C	30	19.35576056156619	50.47761736642333
26C	31	19.356614167324718	50.47740932210105
26C	32	19.357438583163752	50.47718548473574
26C	33	19.358131762807016	50.47695907069972
26C	34	19.358401209553005	50.47686819574253
26C	35	19.358673946604693	50.47675551818942
26C	36	19.358894649526345	50.47668472402529
26C	37	19.359103798394923	50.47661799234159
26C	38	19.35922061800096	50.47676403667401
26D	0	19.277938689190854	50.48392150093164
26D	1	19.277651833716696	50.48380360735048
26D	2	19.277530557445893	50.483844700191995
26D	3	19.277349186696007	50.4838526250541
26D	4	19.276874091039282	50.483788227544906
26D	5	19.276610934041994	50.48377048422835
26D	6	19.27617320552622	50.48374422030531
26D	7	19.275919065291887	50.48370718806804
26D	8	19.275611565906164	50.48361460839738
26D	9	19.275120714784467	50.4833212349246
26D	10	19.27482349747533	50.48312055188132
26D	11	19.27459055395178	50.48298142154099
26D	12	19.274397046988646	50.48282741070953
26D	13	19.274052819276648	50.48250545695245
26D	14	19.273611054440316	50.48230028907041
26D	15	19.27314350673504	50.48212989236526
26D	16	19.27297869921571	50.482062440421906
26D	17	19.272681975981207	50.481953019517114
26D	18	19.272439174889882	50.48187973367129
26D	19	19.271755101164	50.48164614555564
26D	20	19.271270672998174	50.48147144451371
26D	21	19.27097679625181	50.48138076314207
26D	22	19.270414306257322	50.481233130906375
26D	23	19.26971348092234	50.48106905321401
26D	24	19.269379786918726	50.48100771634084
26D	25	19.268705464494182	50.4809206315136
26D	26	19.265881358499204	50.480653711466786
26D	27	19.265370331931596	50.480617503040854
26D	28	19.26527767762433	50.48060802979374
26D	29	19.26518038108384	50.480567557603926
26D	30	19.265065417868264	50.48058625364505
26D	31	19.264454189253883	50.48052355173839
26D	32	19.26349163797688	50.48042719234762
26D	33	19.263363704557886	50.48043067788351
26D	34	19.262730052448187	50.48038012999518
26E	0	19.259656020444215	50.478982011937696
26E	1	19.25961812861248	50.47904690107923
26E	2	19.260170520790272	50.479226173773185
26E	3	19.260514717475793	50.47933085189465
26E	4	19.261073947533195	50.47950060190383
26E	5	19.261319666475618	50.47955885004692
26E	6	19.26177515991933	50.47966806446332
26E	7	19.261971324013448	50.479713612709766
26E	8	19.262383796416902	50.47980105288232
26E	9	19.262561111757453	50.47983804678307
26E	10	19.26271909134647	50.47988742931321
26E	11	19.26307984928129	50.47995575291341
26E	12	19.26341526569594	50.479988901332916
26E	13	19.263904326142065	50.480062913292635
26E	14	19.26458459850377	50.48014472008892
26E	15	19.265179042936357	50.48021157679546
26E	16	19.26525597257333	50.48023870816196
26E	17	19.265368463762684	50.480229775474015
26E	18	19.26597764675005	50.48026744662714
26E	19	19.26622629081241	50.480303789458524
26E	20	19.266563170304963	50.480331735690754
26E	21	19.266811465896797	50.48033525427045
26E	22	19.267670650302406	50.48040694009199
26E	23	19.26870514126814	50.48049759180508
26E	24	19.26884980616043	50.48051053342291
26E	25	19.26959369517132	50.48059865193135
26E	26	19.270059852255113	50.48067130831931
26E	27	19.270526524506355	50.48075305157546
26E	28	19.270937342460435	50.4808363007548
26E	29	19.271308239757126	50.48092461988617
26E	30	19.271552806442937	50.48098795415625
26E	31	19.272577391637423	50.481273532655116
26E	32	19.272966509085315	50.48140338641071
26E	33	19.273247177412774	50.48150474606059
26E	34	19.273706161065963	50.48167798243521
26E	35	19.274516095695994	50.482031119743056
26E	36	19.27468133394755	50.482082931248705
26E	37	19.2753849899747	50.482189477298675
26E	38	19.275970352120705	50.48226693344196
26E	39	19.27679539521375	50.48237589861403
26E	40	19.277235865113624	50.482586070214595
26E	41	19.277497024476318	50.482751597363794
26E	42	19.277591995167853	50.48283707048535
26E	43	19.277850127233652	50.48300066387054
26E	44	19.27799366850219	50.48307193010105
26E	45	19.27836546793916	50.48331075200933
26E	46	19.278660572141874	50.483391632349715
26E	47	19.278805667129877	50.48342407871411
26E	48	19.27955898241508	50.48355704856371
26E	49	19.280244703193762	50.48366554766811
26E	50	19.280589935128173	50.483712727720004
26E	51	19.28073319436803	50.483741458167266
26E	52	19.280933154805652	50.48376877826858
26E	53	19.28112321269409	50.4837893882097
26E	54	19.281285092694578	50.48379429670044
26E	55	19.282032648182373	50.4838649465594
26E	56	19.282335219295646	50.48388784485884
26E	57	19.283394832343667	50.483918045864506
26E	58	19.28374838214385	50.48391858518569
26E	59	19.284101518326434	50.483914981400204
26E	60	19.28427960702573	50.4839237211807
26E	61	19.284631437995635	50.483913353173996
26E	62	19.28480745961166	50.483893559703496
26E	63	19.285512305390505	50.48385566376632
26E	64	19.285861847763453	50.483826736538965
26E	65	19.286444031092383	50.48377102382948
26E	66	19.286581973535565	50.48375983794003
26E	67	19.287324851944994	50.483659912561826
26E	68	19.287777083259726	50.48360866429234
26E	69	19.288120485982017	50.48354286612753
26E	70	19.288616973664826	50.483432834088354
26E	71	19.28928774836376	50.483296230837205
26E	72	19.289542277341436	50.483256365166916
26E	73	19.289971664487446	50.48316242427766
26E	74	19.290031235769632	50.48314783485585
26E	75	19.290152696494697	50.48314422486197
26E	76	19.290248906926767	50.48309447878168
26E	77	19.29101626569518	50.48297169239502
26E	78	19.291477570663588	50.482863918764934
26E	79	19.291979074222294	50.4827276919061
26E	80	19.292591475705287	50.482599293960426
26E	81	19.29357787907499	50.48242746579471
26E	82	19.294630006213364	50.48230865124449
26E	83	19.295731503686916	50.482250970787064
26E	84	19.296238854898178	50.482249408804975
26E	85	19.296391501922805	50.48226800748383
26E	86	19.296753321681294	50.4822772599069
26E	87	19.296883720046264	50.48226406326966
26E	88	19.297580730738055	50.4822942225085
26E	89	19.297864618867123	50.48231932463156
26E	90	19.298587470458504	50.48231272235632
26E	91	19.299059411004187	50.482320160953414
26E	92	19.299611794877915	50.48233992211248
26E	93	19.299863611261348	50.48236347178065
26E	94	19.300270643923255	50.48236941768929
26E	95	19.30073312720101	50.48236160623054
26E	96	19.300990144150752	50.482365898431766
26E	97	19.301326050068106	50.48237871438268
26E	98	19.302088799883517	50.48239910670678
26E	99	19.302829756168595	50.4824142310579
26E	100	19.303275792741676	50.482424961118426
26E	101	19.303469209577717	50.48245025890193
26E	102	19.303948620601762	50.48245769665046
26E	103	19.303952285352068	50.48244192564969
26E	104	19.304441359188445	50.48245498679531
26E	105	19.305084604351094	50.48247173004102
26E	106	19.305779330933262	50.48249110738704
26E	107	19.305936776287613	50.48249780515726
26E	108	19.306300620374145	50.482505708664014
26E	109	19.306474967385665	50.48255994509946
26E	110	19.30660307451465	50.482528002658604
26E	111	19.306814734008313	50.48254367007427
26E	112	19.306958197742798	50.4825512419653
26E	113	19.30730787836493	50.48255722794155
26E	114	19.307551268905744	50.48254854001273
26E	115	19.307886605736197	50.48255764235997
26E	116	19.30795055558673	50.482550480191165
26E	117	19.30855417266856	50.48256420042658
26E	118	19.30905591546929	50.48258165213574
26E	119	19.309874278396645	50.4825838301559
26E	120	19.310205109486006	50.48258494817503
26E	121	19.310388948256033	50.48258653856984
26E	122	19.31047713783725	50.482603013998435
26E	123	19.310834102153247	50.48259839566447
26E	124	19.310984654711913	50.48257711402023
26E	125	19.31155936927468	50.48255173727127
26E	126	19.311984293392477	50.482530209064585
26E	127	19.312410100639823	50.482503657078105
26E	128	19.312942515895397	50.482467050538865
26E	129	19.31340386550084	50.48242770329931
26E	130	19.313818025642753	50.48238785030419
26E	131	19.313991787186016	50.48238749076453
26E	132	19.31433698490585	50.482349154280314
26E	133	19.31444219952092	50.482318849675806
26E	134	19.31498825521624	50.48224727602617
26E	135	19.315405138735493	50.48219019384888
26E	136	19.315816451488942	50.48213123133188
26E	137	19.316224375715944	50.482060529862565
26E	138	19.31666636227399	50.48197899086499
26E	139	19.31698533743918	50.48192102619928
26E	140	19.317090581275654	50.48192155921786
26E	141	19.317199597535154	50.48190713150132
26E	142	19.31746509374137	50.48185117942124
26E	143	19.317633477122286	50.481803802979314
26E	144	19.317654935633083	50.481798718522576
26E	145	19.317797330395244	50.48178081669003
26E	146	19.317933262304802	50.48173458911161
26E	147	19.318154713179855	50.48168878816642
26E	148	19.318455945773785	50.4816105128325
26E	149	19.31885972210957	50.48150953201454
26E	150	19.31943337765837	50.48135858494222
26E	151	19.320299459661683	50.481107199565706
26E	152	19.320374091182366	50.48110468032833
26E	153	19.320686987492337	50.48101119275683
26E	154	19.32092879783345	50.480919555852715
26E	155	19.321354808046983	50.48079524054454
26E	156	19.322005761820748	50.48060178886986
26E	157	19.32230449870405	50.48051402694342
26E	158	19.323005256371598	50.48030663216955
26E	159	19.32327628557143	50.48022925781952
26E	160	19.323499115483344	50.480164045774664
26E	161	19.323570477530378	50.48016228659311
26E	162	19.32390460363548	50.48006181343132
26E	163	19.323930456808824	50.48003602161007
26E	164	19.32455209789943	50.47986200395986
26E	165	19.32490646526609	50.47976280838424
26E	166	19.325349343613873	50.479654995272334
26E	167	19.32588745820794	50.47953164728755
26E	168	19.32619969888486	50.47946807598721
26E	169	19.326546672990478	50.47940248582722
26E	170	19.32693817092103	50.479332949297046
26E	171	19.327202567516938	50.47929143499462
26E	172	19.327449892225427	50.479254529932305
26E	173	19.32760589561057	50.47923798057742
26E	174	19.327890042941398	50.47921571984089
26E	175	19.328140063487407	50.479174266576635
26E	176	19.328280448886545	50.47919300688815
26E	177	19.328426326889556	50.47913594081684
26E	178	19.32859494940598	50.47911714380017
26E	179	19.32901632270739	50.47907931851294
26E	180	19.329493021269894	50.479034913200266
26E	181	19.330239457447426	50.47897720362416
26E	182	19.33049651273946	50.47896794456662
26E	183	19.33095899376066	50.478979074257204
26E	184	19.331534963523886	50.47899650471641
26E	185	19.33169992129902	50.478997700869385
26E	186	19.331912547340174	50.47898968986046
26E	187	19.33184451360022	50.47885294863668
26E	188	19.332371280177313	50.47884710189877
26F	0	19.262658111745562	50.4805167109728
26F	1	19.262730052448187	50.48038012999518
26F	2	19.26265811725877	50.4803743806238
270	0	19.26564496579928	50.48077921192419
270	1	19.2666042174556	50.48085437501403
271	0	19.33247168842334	50.47952934862072
271	1	19.332418909552487	50.4794435362851
271	2	19.3323750438334	50.47946880211282
271	3	19.332246619803843	50.479494474506346
271	4	19.331828250108074	50.479531005886464
271	5	19.330610730168722	50.47949745209078
271	6	19.33031270623247	50.47950963013399
271	7	19.32984640254111	50.47952685498976
271	8	19.329512773355194	50.47954975887382
271	9	19.329117140225975	50.47959676686862
271	10	19.32869733648526	50.479641897892805
271	11	19.32853025998127	50.47965676117532
271	12	19.32840399872635	50.47964901341292
271	13	19.328258681648737	50.47969412931912
271	14	19.328031607625025	50.479724134163654
271	15	19.3277050472975	50.47975828343307
271	16	19.32755005407325	50.479786086353656
271	17	19.327118926460034	50.47983257744015
271	18	19.32671802391567	50.47991294853733
271	19	19.32634198834426	50.47997542391497
271	20	19.326176363694504	50.47998104384391
271	21	19.325958865306053	50.48002709668192
271	22	19.325772153884888	50.480091124755084
271	23	19.325573342449644	50.48013070237992
271	24	19.32516784762113	50.48022125196267
271	25	19.324719835181533	50.480326652795476
271	26	19.324113530601736	50.480489203754786
271	27	19.323844497440106	50.48056193341625
271	28	19.32309883869651	50.48078783732452
271	29	19.32296333309191	50.48080233836769
271	30	19.32262868416258	50.480901452641625
271	31	19.32255692365735	50.48094627301719
271	32	19.321867677956895	50.48115455042223
271	33	19.321092966015037	50.48138460804558
271	34	19.32077848371246	50.48147906284981
271	35	19.319861204902143	50.48175147117554
271	36	19.319801045907948	50.48174718596635
271	37	19.31944404598218	50.48185630821227
271	38	19.319392698756463	50.48189359915977
271	39	19.31913191243414	50.48196778574427
271	40	19.318784042320463	50.4820577968259
271	41	19.31843170292747	50.482126792954595
271	42	19.318172775288456	50.48218823685018
271	43	19.318126541597383	50.48219655979025
271	44	19.31803765764869	50.48219959088841
271	45	19.31798738372555	50.48223042311848
271	46	19.317664049614244	50.482303972086775
271	47	19.317390632776977	50.48236862141283
271	48	19.317230904810977	50.48240632233614
271	49	19.31657000860004	50.482549163358925
271	50	19.31612759979097	50.48262260387899
271	51	19.31585230838578	50.482668520923035
271	52	19.315454050392706	50.48271688319957
271	53	19.31532279807496	50.48273836011536
271	54	19.31479297803736	50.4827891312152
271	55	19.314245308519876	50.48285043070164
271	56	19.313724615687637	50.48290996065078
271	57	19.312729708116706	50.48301377315913
271	58	19.312309277336833	50.483039595104515
271	59	19.311885117030123	50.48305933736995
271	60	19.311462733284213	50.48306480796151
271	61	19.31107930292994	50.483060682379765
271	62	19.310889988555658	50.48305847413932
271	63	19.310530511866386	50.483046512494035
271	64	19.310104325996093	50.483040054652946
271	65	19.309603233972446	50.48302396561528
271	66	19.309539195900665	50.483001996125516
271	67	19.309185225284512	50.482997662858814
271	68	19.309131434189798	50.4830163021486
271	69	19.308191632676927	50.48298933620769
271	70	19.307451851769073	50.48298046704362
271	71	19.307117024957126	50.4829648972556
271	72	19.306719227321185	50.48295668210045
271	73	19.306540413785253	50.48294850559648
271	74	19.306454441976868	50.482917313985105
271	75	19.30637080387331	50.48293515799123
271	76	19.30627296825102	50.48293625160099
271	77	19.305961794344313	50.482921292473
271	78	19.305677694593694	50.48292947429277
271	79	19.305596865153664	50.48293576006441
271	80	19.30498616058453	50.48292309011703
271	81	19.303844284976286	50.48289620251685
271	82	19.303365375749983	50.482886433978045
271	83	19.30317322556796	50.48285719839768
271	84	19.302883082487302	50.48284919112573
271	85	19.302753642536018	50.48287103996346
271	86	19.30121625082561	50.48283530037026
271	87	19.300420973851388	50.4828218899585
271	88	19.29984854340892	50.48281083094387
271	89	19.29970150538328	50.48278899204678
271	90	19.299329623003594	50.482781220165116
271	91	19.29920770232972	50.482797690352406
271	92	19.29862378687923	50.4827886153261
271	93	19.298105832119195	50.482755686476274
271	94	19.297820504083855	50.48275097380198
271	95	19.29756163018592	50.48276301133076
271	96	19.296290492746056	50.48274530746538
271	97	19.295366747517242	50.48277763468928
271	98	19.295072544118323	50.4827885197786
271	99	19.294828540567543	50.4828023874984
271	100	19.294593194729288	50.48281844955056
271	101	19.29410856427703	50.48286196648486
271	102	19.293165052491496	50.48298911287248
271	103	19.292830219547017	50.483048128416286
271	104	19.292537271341214	50.48310622906956
271	105	19.29226142605164	50.48316287165496
271	106	19.29143309578659	50.483346899949325
271	107	19.290965996963553	50.483451081778455
271	108	19.290645484970796	50.48351920261733
271	109	19.290544228071944	50.48353695629698
271	110	19.290369300596254	50.48356558583746
271	111	19.29015606994868	50.48364031642248
271	112	19.289612598468242	50.48376369067786
271	113	19.28916119822263	50.48386998416489
271	114	19.28923913581751	50.48401022310385
271	115	19.28957741452545	50.483938051502356
271	116	19.290245247236907	50.48375032972465
271	117	19.291038130704187	50.48355311177287
271	118	19.291783148124907	50.48335833272575
272	0	19.2943371707503	50.48295873549453
272	1	19.294448008019366	50.48296836212463
273	0	19.308171961095912	50.48307455595304
273	1	19.306699899041156	50.48304010837667
273	2	19.306523338202847	50.48303592072846
273	3	19.30644267590629	50.48306118082705
273	4	19.306371137021547	50.4830322671599
273	5	19.305657720769922	50.48301513879109
274	0	19.316239480967187	50.48270604203215
274	1	19.31654010211109	50.482665075979924
274	2	19.31656574573974	50.482633438513844
274	3	19.316863890904315	50.48258281529872
274	4	19.317215886364593	50.4825077948659
274	5	19.31767804625398	50.48240982022824
274	6	19.318148846258573	50.48230657395416
275	0	19.333063117219606	50.47996867662368
275	1	19.33272697900743	50.47952626321035
275	2	19.332506382593373	50.47957650969657
276	0	19.42567568240448	50.46169735494657
276	1	19.4257062891018	50.46190145484084
276	2	19.42604123480722	50.462805272757485
276	3	19.42603080487573	50.46287759968447
277	0	19.475035191840423	50.475768539373064
277	1	19.475025446484608	50.475633546511816
277	2	19.47493653910907	50.4755942595212
277	3	19.475035191840423	50.475768539373064
278	0	19.476626949596508	50.47467899754495
278	1	19.476903586474936	50.47449272843119
278	2	19.47696008022993	50.47445336791678
278	3	19.47717481543933	50.474303690592194
278	4	19.47711712318832	50.474270747800105
278	5	19.47684396807229	50.47446272732831
278	6	19.476582134275162	50.47465746181986
278	7	19.476626949596508	50.47467899754495
279	0	19.477561035054446	50.47434623652386
279	1	19.477612925626666	50.47431418810099
279	2	19.477594438366552	50.4743019882016
279	3	19.477544291973917	50.47433675673813
279	4	19.477429578109884	50.474416624547544
279	5	19.477561035054446	50.47434623652386
27A	0	19.42576151510458	50.46189628240948
27A	1	19.42666001143727	50.46181212598009
27A	2	19.42684923687693	50.46271451054583
27A	3	19.427847793447878	50.462747517081105
27A	4	19.429123480447796	50.46277427659061
27A	5	19.43146797454286	50.46290768284797
27A	6	19.434007436853268	50.46306209754025
27A	7	19.435499881438528	50.46317945676374
27A	8	19.436497273058404	50.46328241366317
27A	9	19.43668999556396	50.46326441353555
27A	10	19.4371007563379	50.46331075081062
27A	11	19.437328464192706	50.46337234084016
27A	12	19.438363531637737	50.463499164411765
27A	13	19.439259835126364	50.46362672500479
27A	14	19.441495224920352	50.463948895905936
27A	15	19.44306384212543	50.464214451511005
27A	16	19.444110773775176	50.46440998424649
27A	17	19.444273024355923	50.46417452012292
27A	18	19.444452351282425	50.464225649043215
27A	19	19.444464128792514	50.4643088838003
27A	20	19.445949347562177	50.464687291956764
27A	21	19.446046200069492	50.46462465905089
27A	22	19.446147997339434	50.46463033416027
27A	23	19.446201934136454	50.464746769202094
27A	24	19.446645768077506	50.46485914894663
27A	25	19.447005703036623	50.46493552201703
27A	26	19.447383888822362	50.46502670298652
27A	27	19.448044786539874	50.46521255314987
27A	28	19.44827777204165	50.465208287643634
27A	29	19.44856115831087	50.46530818061091
27A	30	19.448603030018493	50.46529848907759
27A	31	19.448538795651885	50.465225344645
27A	32	19.44858272100032	50.46500654875424
27A	33	19.448724074622927	50.46523689577876
27A	34	19.44897770901633	50.4652214855186
27A	35	19.448890926612396	50.46535528434724
27A	36	19.44916573887624	50.465441754791
27A	37	19.44938211888824	50.46532074180447
27A	38	19.449555948433744	50.46539381761045
27A	39	19.449612356319196	50.465361751872905
27A	40	19.44984598095042	50.465325034065124
27A	41	19.45048869149315	50.465503165422646
27A	42	19.450481043629527	50.465642334861215
27A	43	19.450177687106596	50.46581272115438
27A	44	19.450266029037547	50.46587674513375
27A	45	19.45165877817037	50.46635481774699
27A	46	19.451703865581308	50.46632862436814
27A	47	19.452150340995907	50.46648174752958
27A	48	19.452117019799424	50.466501354315206
27A	49	19.453882287495013	50.4671167927882
27A	50	19.45398867440602	50.46705535892387
27A	51	19.45411907906153	50.467147271528816
27A	52	19.454148482197862	50.46717436552786
27A	53	19.454861947304522	50.46743900710311
27A	54	19.45589846207422	50.467828231487374
27A	55	19.45617457716408	50.467905801385655
27A	56	19.456260229727963	50.46797490995123
27A	57	19.457765567328533	50.46862891832903
27A	58	19.45787639203188	50.46854793929173
27A	59	19.45805521886748	50.46874964026539
27A	60	19.458782772872098	50.468829318852556
27A	61	19.458765965416728	50.46889131419276
27A	62	19.45876353619157	50.469074339449485
27A	63	19.46135364616626	50.47021999714146
27A	64	19.461372333968704	50.47022150298098
27A	65	19.461462645855647	50.47022988989129
27A	66	19.46156699863321	50.470239721104285
27A	67	19.461654359269577	50.470247889027775
27A	68	19.461712227116013	50.47025323943807
27A	69	19.4617748710886	50.470259012595136
27A	70	19.46168130897992	50.470346427327705
27A	71	19.46166517446201	50.470366084209104
27A	72	19.463362961332006	50.47111571024708
27A	73	19.463533495838032	50.47107444546519
27A	74	19.463442222408045	50.47115649719874
27A	75	19.463505503946394	50.4711861040547
27A	76	19.463487679072333	50.47120142317269
27A	77	19.46351194477946	50.471204710611374
27A	78	19.4636571166353	50.47122442956037
27A	79	19.463779005694576	50.471240963835776
27A	80	19.463893319681407	50.471256498886476
27A	81	19.46400720065643	50.47127670344224
27A	82	19.464029056911397	50.47127609282828
27A	83	19.46413708864526	50.471298557717134
27A	84	19.464269750529205	50.47132611279998
27A	85	19.464388699519034	50.471350789466385
27A	86	19.464591631460227	50.4713923084408
27A	87	19.46465707575126	50.47145520999261
27A	88	19.464717227981687	50.47150752218771
27A	89	19.4647324009713	50.471517522585735
27A	90	19.46480271537657	50.47148662200954
27A	91	19.464902038376074	50.47144306708311
27A	92	19.46516966786441	50.471692411875296
27A	93	19.465367141868	50.47187645513331
27A	94	19.466732749373417	50.472302109292215
27A	95	19.467120598170666	50.47245467166484
27A	96	19.467408826699668	50.47262084585966
27A	97	19.467694106867498	50.47286520238133
27A	98	19.467948858506286	50.47276399100914
27A	99	19.46801816081111	50.47282541294855
27A	100	19.46802994059527	50.47283581778967
27A	101	19.467830484064653	50.47292184328616
27A	102	19.467681036378227	50.47298622922551
27A	103	19.46757087910083	50.47303368980342
27A	104	19.467607660319718	50.473050807543984
27A	105	19.466766961745016	50.47341331080207
27A	106	19.46672818572347	50.47339688579496
27A	107	19.466076227498814	50.47367780471402
27A	108	19.46599406964905	50.4736566717499
27A	109	19.465892074396095	50.473630332150535
27A	110	19.464603234880354	50.473352055096484
27A	111	19.464773055262114	50.47325476499381
27A	112	19.464970994058508	50.473207116358374
27A	113	19.464983847774636	50.47288855417575
27A	114	19.464822322159854	50.4727733163292
27A	115	19.46467319494141	50.47266678330493
27A	116	19.46467098251054	50.47266549537177
27A	117	19.464528869409754	50.47257730647637
27A	118	19.46446713232404	50.47253908919151
27A	119	19.46439876682641	50.47249673844449
27A	120	19.464268118863796	50.47241562360534
27A	121	19.464116476845295	50.472321554186415
27A	122	19.464036923737012	50.47227231229527
27A	123	19.46396904365962	50.4722323952743
27A	124	19.46382262400744	50.472146756050854
27A	125	19.463722391891018	50.47208789029044
27A	126	19.463626719765013	50.47203178195357
27A	127	19.463560774016358	50.471993059061425
27A	128	19.463539565186704	50.47197803375376
27A	129	19.463456123655018	50.47191840043848
27A	130	19.46336759721451	50.4718548337755
27A	131	19.463359058566947	50.47184878694659
27A	132	19.463288324397897	50.47180568497364
27A	133	19.46327548148884	50.471797693182765
27A	134	19.46326636792087	50.471791998395666
27A	135	19.46284569526365	50.47175037945382
27A	136	19.462789688661356	50.471724395532384
27A	137	19.462692213077386	50.47160587698656
27A	138	19.462670729904534	50.47151368094497
27A	139	19.462050807825573	50.47120680763504
27A	140	19.461261367159857	50.470858039101
27A	141	19.461251248027903	50.47087031291328
27A	142	19.460954605876715	50.470738627464236
27A	143	19.46096415010981	50.47072670571503
27A	144	19.459431699676372	50.470049633166006
27A	145	19.45916137284079	50.46999714281118
27A	146	19.45872415798301	50.46983913455943
27A	147	19.4586023487708	50.46971200632573
27A	148	19.458504251407025	50.469670157325226
27A	149	19.458391705302525	50.469622092834946
27A	150	19.457140443881116	50.46908555805505
27A	151	19.457172767075516	50.46906198055276
27A	152	19.45602733598822	50.46855983383219
27A	153	19.455465502434556	50.46832742216306
27A	154	19.455443668706877	50.46834034918216
27A	155	19.45543432857882	50.468345979470406
27A	156	19.45526912169597	50.46844430628069
27A	157	19.455228833453443	50.46841401112267
27A	158	19.455227911950058	50.468351511184764
27A	159	19.45365184196263	50.46770363274661
27A	160	19.45224841986735	50.467188219483766
27A	161	19.451625345248008	50.467550900697496
27A	162	19.451614819652633	50.467558313115056
27A	163	19.451586229996728	50.46754516540999
27A	164	19.451501009678367	50.46750617910517
27A	165	19.451426059564056	50.467471914844005
27A	166	19.451406631224167	50.46746293498083
27A	167	19.451373876164805	50.46744793358082
27A	168	19.451350141519363	50.46743709818965
27A	169	19.451324327063297	50.46742524609916
27A	170	19.451319607125043	50.46742311534264
27A	171	19.451281577763293	50.467405706050364
27A	172	19.451234944606128	50.467384316084804
27A	173	19.451218012706278	50.467376538251706
27A	174	19.45116429825219	50.467351997052766
27A	175	19.451147920796945	50.46734449632034
27A	176	19.451094625902012	50.46732005058369
27A	177	19.45108033121674	50.46731347666915
27A	178	19.451064367401095	50.46730625116198
27A	179	19.451013988435875	50.467283102947896
27A	180	19.45098997821462	50.46727208399307
27A	181	19.450948124121602	50.46724671155975
27A	182	19.45091870777983	50.46722869752092
27A	183	19.450900335773145	50.467217573784225
27A	184	19.450886800983813	50.467209301663736
27A	185	19.451182546446773	50.466927143488114
27A	186	19.450886508422712	50.46680443114257
27A	187	19.450267225300333	50.46663731345149
27A	188	19.450102856029012	50.46673141833653
27A	189	19.449948995827178	50.466637660264965
27A	190	19.449903376267788	50.466662856864076
27A	191	19.44980977977146	50.4665957955762
27A	192	19.44937234600629	50.46648513171109
27A	193	19.44930472744206	50.466523971040466
27A	194	19.449250612680007	50.46646435853928
27A	195	19.449055254548178	50.466424891600965
27A	196	19.44889630188183	50.46651699904593
27A	197	19.448811671801362	50.46641274363133
27A	198	19.44873598305877	50.466345200903376
27A	199	19.448730773650542	50.466340815754066
27A	200	19.448503177875185	50.46627061828938
27A	201	19.4483683203123	50.46616452400174
27A	202	19.44692727271053	50.465773070259594
27A	203	19.44671060919415	50.465773504979374
27A	204	19.446522898964368	50.4656555540966
27A	205	19.446422689811133	50.46571310759363
27A	206	19.446282469739547	50.46559030581752
27A	207	19.44626601411263	50.465563742324505
27A	208	19.445452303317957	50.465368647807814
27A	209	19.444241422322882	50.46519332312503
27A	210	19.443912274440702	50.46512319738956
27A	211	19.443799414584827	50.465149830071915
27A	212	19.44362996962914	50.46510224893761
27A	213	19.44378415786007	50.46488510932002
27A	214	19.440243427589902	50.46419672974369
27A	215	19.438052966021242	50.46388745565319
27A	216	19.437255533175573	50.46379439066565
27A	217	19.437097803202008	50.46381052406948
27A	218	19.436480227932336	50.46374801138483
27A	219	19.436353787186707	50.46370378464808
27A	220	19.4343005347709	50.46349788237634
27A	221	19.43142980414659	50.4633291189106
27A	222	19.429555101490475	50.46332163458984
27A	223	19.427268068724512	50.463387579176064
27A	224	19.426275233863773	50.463470360141926
27A	225	19.426251309970905	50.463333911821216
27A	226	19.426202750700934	50.46324370402501
27A	227	19.426170377955064	50.46318356548312
27A	228	19.42603080487573	50.46287759968447
27A	229	19.425853035168785	50.46248758993743
27A	230	19.4256839488217	50.46190402972541
27A	231	19.425620122585315	50.461684053774036
27A	232	19.42560774835315	50.461590109482366
27A	233	19.425572499353617	50.46129427587209
27A	234	19.425654395930508	50.46155540573178
27A	235	19.425675766283526	50.46169791429379
27B	0	19.44401635477093	50.46493487802209
27B	1	19.44433771083332	50.46505354088206
27B	2	19.44521605840729	50.46520167453265
27B	3	19.446307224092592	50.465462513911184
27B	4	19.44695925952259	50.46561795206118
27B	5	19.44702369153516	50.46561620458437
27B	6	19.447373517653244	50.46570035368878
27B	7	19.447538659789924	50.465771967938984
27B	8	19.44784838017422	50.46585063544982
27B	9	19.44827434252599	50.46594137182322
27B	10	19.448634974771203	50.46601828855418
27B	11	19.44869559314591	50.46605991605416
27B	12	19.449063695799328	50.466171186920484
27B	13	19.449357354707953	50.46625440156549
27B	14	19.44980659281604	50.46637448353345
27B	15	19.45104949479071	50.46670949755479
27B	16	19.450886508422712	50.46680443114257
27C	0	19.47394729941899	50.47651833436405
27C	1	19.474159968962915	50.47637214198126
27C	2	19.474205573850494	50.47639980287041
27D	0	19.467534056596094	50.47293070726417
27D	1	19.467435559003704	50.47297049907233
27D	2	19.46757087910083	50.47303368980342
27E	0	19.46672818572347	50.47339688579496
27E	1	19.46658948716221	50.47333796525854
27E	2	19.46599406964905	50.4736566717499
27F	0	19.45165877817037	50.46635481774699
27F	1	19.451511734777597	50.46644043383805
27F	2	19.45095527161658	50.4662434063718
27F	3	19.450830614098336	50.466208659808615
27F	4	19.45058012695015	50.46612332643472
27F	5	19.450395011420916	50.466046325652854
27F	6	19.449604585210018	50.465780271397264
27F	7	19.449229705161496	50.465669541279055
27F	8	19.449119458695446	50.46564217775908
27F	9	19.448763212057194	50.46555183441269
27F	10	19.448635897104637	50.46552091620258
27F	11	19.44861324083961	50.465507307395725
27F	12	19.448593736630723	50.46550929511899
27F	13	19.448415325272908	50.46544712585454
27F	14	19.44828719488864	50.465389492978964
27F	15	19.447707358495272	50.465218751644855
27F	16	19.447352227037822	50.46512464258285
27F	17	19.446987844877846	50.46503346592282
27F	18	19.446019313951897	50.464787397632435
27F	19	19.444975334390286	50.46451855463478
27F	20	19.444421149782777	50.46437807980076
280	0	19.474382200324264	50.47650659407485
280	1	19.474483362850226	50.476567890283675
281	0	19.46326636792087	50.471791998395666
281	1	19.463210718292327	50.47175727740975
281	2	19.463193546878085	50.471743743920676
281	3	19.463134849861298	50.471698732883496
281	4	19.462971063477386	50.471644781346804
281	5	19.462936409021257	50.47162733057538
281	6	19.462670729904534	50.47151368094497
282	0	19.45543432857882	50.468345979470406
282	1	19.454552703358495	50.467967259787855
282	2	19.45375649379722	50.467639298904025
282	3	19.453714018854797	50.46761131182387
282	4	19.453469371260653	50.467519319062106
282	5	19.453276686195295	50.46746676786172
282	6	19.452349511138003	50.46712941398484
282	7	19.4516392326366	50.46688853565938
282	8	19.451520530811788	50.46685252043961
282	9	19.451413528077584	50.46691547234185
282	10	19.451742001231732	50.467011282132844
282	11	19.45224841986735	50.467188219483766
283	0	19.44378415786007	50.46488510932002
283	1	19.44401635477093	50.46493487802209
283	2	19.443912274440702	50.46512319738956
284	0	19.444464128792514	50.4643088838003
284	1	19.444421149782777	50.46437807980076
284	2	19.444293908957558	50.46444381159817
284	3	19.444110773775176	50.46440998424649
285	0	19.44916573887624	50.465441754791
285	1	19.4491155262069	50.465469587181396
285	2	19.449740485402568	50.46570377002219
285	3	19.450122578602862	50.46584381545642
285	4	19.450177687106596	50.46581272115438
286	0	19.452117019799424	50.466501354315206
286	1	19.45195917276002	50.46659428982123
286	2	19.45279781700013	50.46686852153154
286	3	19.453117997007283	50.46698112031539
286	4	19.45373899753128	50.46719967432633
286	5	19.453938725695032	50.46726517552933
286	6	19.454228275713138	50.4673495819514
286	7	19.45441011378018	50.467415114417776
286	8	19.454713782662626	50.46752452241797
286	9	19.455073378554815	50.46765553135913
286	10	19.45542329599967	50.467789647483805
286	11	19.455993142745168	50.4680137141547
286	12	19.45615345160223	50.46809163556364
286	13	19.456525046266407	50.46823511687969
286	14	19.456701615830163	50.46832853796578
286	15	19.456936808221748	50.46843001890105
286	16	19.4570334747875	50.468459442648005
286	17	19.45763280950152	50.46872588032289
286	18	19.458761548369107	50.46922212569936
286	19	19.45908587028021	50.46936856902694
286	20	19.459464398611832	50.46953335149405
286	21	19.459572136409847	50.469595017660254
286	22	19.459871082570995	50.46972916477743
286	23	19.460004640504696	50.46977229110279
286	24	19.460471559987496	50.46998742092396
286	25	19.460898969610916	50.47018296530156
286	26	19.461276635189904	50.47033999810035
286	27	19.462373934184775	50.470821946059665
286	28	19.462492793522607	50.47089274746145
286	29	19.46272069440303	50.470993940395424
286	30	19.462851910328297	50.47103127822083
286	31	19.463017785190623	50.4711076451807
286	32	19.463340864947053	50.471249744392665
286	33	19.463389423543642	50.471285900160474
286	34	19.463945795843216	50.471519549703096
286	35	19.46442253188257	50.47171105673086
286	36	19.46477321275346	50.47183202758494
286	37	19.46528182450596	50.47198780766579
286	38	19.465491389032763	50.472068253745014
286	39	19.46561604212348	50.472108289099815
286	40	19.465965608098312	50.472207303530965
286	41	19.466349073626237	50.472329780695496
286	42	19.466638881959856	50.47241218131423
286	43	19.46699544414281	50.472552014140895
286	44	19.46723419215382	50.47268427013931
286	45	19.467534056596094	50.47293070726417
286	46	19.467694106867498	50.47286520238133
287	0	19.397195468140527	50.465476660604836
287	1	19.397165462838945	50.46546419923664
287	2	19.39701119338689	50.465373242166294
287	3	19.396818412829628	50.46526727864651
287	4	19.396458497184373	50.4650926574271
287	5	19.396147741212598	50.46493480673102
287	6	19.396014434689743	50.46485303843484
287	7	19.396009675898807	50.464856299539754
287	8	19.39626956573543	50.46501039259193
287	9	19.396438903005926	50.46509724258996
287	10	19.397161668382864	50.465468103047876
287	11	19.397275090450538	50.46552981572977
287	12	19.397195468140527	50.465476660604836
288	0	19.419471073253483	50.46392749212995
288	1	19.419464545913943	50.463895125520075
288	2	19.418211293716027	50.464001543137535
288	3	19.418202236045467	50.463964826341474
288	4	19.41576189217482	50.46427967131076
288	5	19.415622348441385	50.46441308702335
289	0	19.400632849390306	50.467643066309336
289	1	19.400436302366153	50.46766491032212
289	2	19.399698036956707	50.4674218005488
289	3	19.399076025352244	50.4672779287105
289	4	19.398565818276374	50.46718971861879
289	5	19.398307913296982	50.467134739911955
289	6	19.398159821132083	50.46707336020999
289	7	19.397049415636634	50.466892363353374
28A	0	19.40171985592728	50.46589098434182
28A	1	19.400298707816486	50.4662445854959
28A	2	19.400090585035223	50.46630906732676
28A	3	19.399833603226696	50.46645217827001
28A	4	19.39984736324038	50.4666579935916
28A	5	19.400016837943365	50.46678287247855
28A	6	19.400743673827492	50.46715574435234
28A	7	19.400913625621374	50.46734176782199
28A	8	19.40091320692506	50.467437696916086
28A	9	19.401141059973117	50.467498370839714
28B	0	19.424535266461323	50.46356217019069
28B	1	19.423729555581218	50.4635834464717
28B	2	19.4229761659114	50.46360704468536
28B	3	19.421865127974918	50.46364359028983
28B	4	19.42015576273991	50.463754990819155
28B	5	19.419558351864485	50.46379812724146
28B	6	19.418940102365603	50.46383675165025
28B	7	19.418644264179527	50.46386734716609
28B	8	19.41821206675588	50.46390238211123
28B	9	19.417567278106404	50.46397219712821
28B	10	19.417458943857625	50.46396416031159
28B	11	19.417141493060715	50.46400075182297
28B	12	19.417084685070204	50.46402731191021
28B	13	19.416037808873973	50.46415404600423
28B	14	19.41593998114847	50.46413509177219
28B	15	19.415888321380763	50.46416774538278
28B	16	19.415698996501586	50.46419330985515
28B	17	19.415577644284603	50.464170168856924
28B	18	19.415481670667678	50.46422217906606
28B	19	19.41487128790958	50.464294875272074
28B	20	19.414474820439946	50.464348005593365
28B	21	19.414100952696415	50.46439083311532
28B	22	19.41403303624011	50.464378848426605
28B	23	19.41389793829532	50.464396068075615
28B	24	19.4136841123781	50.464425521107444
28B	25	19.413623913835615	50.4644523030229
28B	26	19.413334935766382	50.46447551599602
28B	27	19.412438241254016	50.464600938814876
28B	28	19.411831408369846	50.46467249869834
28B	29	19.411636867648618	50.46469384949012
28B	30	19.41063680580492	50.46482665866701
28B	31	19.410567526053253	50.46481753047836
28B	32	19.410229832458178	50.46486515541928
28B	33	19.410184455223202	50.46488674341076
28B	34	19.409914223600907	50.46492207225374
28B	35	19.409416738722552	50.464992236627985
28B	36	19.40887378068384	50.465061597264544
28B	37	19.40807666705762	50.46515723904396
28B	38	19.407967704029346	50.46518047374871
28B	39	19.407710512462693	50.46532234036896
28B	40	19.40765543577179	50.465511028730155
28B	41	19.40753300304366	50.46554522764255
28C	0	19.388776443187172	50.467594495434504
28C	1	19.387909442146267	50.46770881201308
28C	2	19.387934452207194	50.467805992568294
28C	3	19.387634515187	50.46783564340787
28C	4	19.387581991061143	50.46767766138562
28C	5	19.3878049713616	50.467645056347344
28C	6	19.389202165334034	50.46745320529892
28C	7	19.390802975099746	50.467242664833336
28C	8	19.390889520039483	50.46721625900281
28C	9	19.391237892155118	50.467174681915964
28C	10	19.391345460141203	50.46718048477137
28C	11	19.391546428238197	50.4671529629225
28C	12	19.39222440771095	50.467078895243056
28C	13	19.392733633562326	50.46702533017399
28C	14	19.39301363691921	50.467001684693926
28C	15	19.393546708317157	50.466963550412416
28C	16	19.39469726566181	50.46690282486779
28C	17	19.39491699035301	50.46693282919863
28C	18	19.39558919447432	50.466941739924046
28C	19	19.39586617775937	50.46694483938388
28C	20	19.39606509369934	50.46694038854573
28C	21	19.396252319000137	50.466931730253926
28C	22	19.397049415636634	50.466892363353374
28D	0	19.400960604397984	50.46706827530299
28D	1	19.400275701989464	50.466742645008125
28E	0	19.280217063377236	50.484545701901304
28E	1	19.2803619197377	50.48461084559651
28E	2	19.28096255874963	50.48455067944026
28F	0	19.395947666648834	50.465182174242436
28F	1	19.395430392896987	50.46552803926046
28F	2	19.395578203316866	50.46591381709734
28F	3	19.39485538577317	50.46614373068422
28F	4	19.394236782811678	50.46631600653136
28F	5	19.39261416626694	50.46650219672783
28F	6	19.391412516079107	50.46666981870364
28F	7	19.388923500076217	50.46699799456419
28F	8	19.387837252195517	50.46709354038278
28F	9	19.38739962463354	50.46714169263402
28F	10	19.387281649814575	50.46712711044352
28F	11	19.387117283261862	50.46762725460469
28F	12	19.38694360311419	50.46787938496672
28F	13	19.387791300562085	50.468009725474126
28F	14	19.388300206989936	50.46805300939
28F	15	19.388635954317174	50.4680059604578
28F	16	19.388776443187172	50.467594495434504
28F	17	19.39156574560851	50.46722300080304
28F	18	19.392912449997485	50.46708606222602
28F	19	19.393171216058366	50.467094670795696
28F	20	19.39342884980705	50.46704940653309
28F	21	19.394408243542244	50.46700978725114
28F	22	19.396916850047344	50.46701758116065
28F	23	19.39792534321016	50.46718386937819
28F	24	19.397818621358333	50.467386407701106
28F	25	19.398345026086435	50.46749138761092
28F	26	19.398455735499905	50.467304188543395
28F	27	19.39920678370695	50.467439679003164
28F	28	19.399576327107525	50.46751354399672
28F	29	19.40008268515167	50.4677284709705
28F	30	19.4004261216874	50.46782049591768
28F	31	19.400638339912316	50.46779347266635
28F	32	19.40080626233391	50.46773759912334
28F	33	19.400906258931048	50.46779254851191
28F	34	19.401208053907965	50.467953343552836
28F	35	19.4014307967094	50.4677835219218
28F	36	19.401149283439086	50.467605387795736
28F	37	19.401141059973117	50.467498370839714
28F	38	19.401208446381176	50.46732145312909
28F	39	19.400960604397984	50.46706827530299
28F	40	19.40141559096254	50.46679733172565
28F	41	19.40100462315627	50.46642314060637
28F	42	19.400275701989464	50.466742645008125
28F	43	19.40012079337891	50.46663693795991
28F	44	19.400125505492287	50.46649314540164
28F	45	19.40047255956799	50.466331581527434
28F	46	19.401445703577508	50.4660881691237
28F	47	19.40182965712916	50.466047768477196
28F	48	19.40203681666955	50.466074439904055
28F	49	19.402095097575835	50.465966897693505
28F	50	19.40171985592728	50.46589098434182
28F	51	19.40218519795957	50.46582220965774
28F	52	19.405870125849113	50.465364395165935
28F	53	19.405893172343585	50.46542468140787
28F	54	19.407211135245618	50.46529347765208
28F	55	19.40753300304366	50.46554522764255
28F	56	19.40784152608096	50.465745634884705
28F	57	19.407940884125555	50.46579033134579
28F	58	19.408044257314007	50.465711275498776
28F	59	19.40788830162955	50.46560277727876
28F	60	19.407826357204343	50.4654297505407
28F	61	19.407979022886813	50.46530902122655
28F	62	19.408250351373454	50.46524952586704
28F	63	19.410525573628735	50.46495964582757
28F	64	19.412089506594224	50.464755412318155
28F	65	19.41293798729346	50.46466493925046
28F	66	19.41529992291033	50.46439188308921
28F	67	19.415622348441385	50.46441308702335
28F	68	19.41562055302802	50.46442466106282
28F	69	19.416051344030485	50.4644530036484
28F	70	19.41605328313939	50.46444134164807
28F	71	19.41711705933254	50.46440348927217
28F	72	19.41721765200146	50.46421730382702
28F	73	19.41731816606255	50.464206443156165
28F	74	19.417248573229582	50.4641602714666
28F	75	19.417659294159716	50.46407609884867
28F	76	19.41803051606345	50.46404114828758
28F	77	19.418246410726645	50.464144621274315
28F	78	19.41826436698861	50.46421778060961
28F	79	19.41846528670027	50.46419929268691
28F	80	19.41850220699709	50.46436352191556
28F	81	19.41954330292531	50.46428335080538
28F	82	19.419471073253483	50.46392749212995
28F	83	19.421914560401547	50.46374118444423
28F	84	19.424100899495254	50.46367964571226
28F	85	19.424305544280724	50.46375236760222
28F	86	19.424519800882113	50.46374780617358
28F	87	19.424535266461323	50.46356217019069
28F	88	19.424604540952792	50.46272792772349
28F	89	19.42452313194818	50.46274471772512
28F	90	19.42358047518289	50.462814039067034
28F	91	19.42313970495493	50.46284466041349
28F	92	19.42187676204861	50.462968248919
28F	93	19.420559248515872	50.46311454971992
28F	94	19.41898731557475	50.46332067619779
28F	95	19.418021179439474	50.46345140221889
28F	96	19.41749650900457	50.463522400281434
28F	97	19.417211380176497	50.463573997089966
28F	98	19.415703888816797	50.46376450218911
28F	99	19.415574828696087	50.46378863118396
28F	100	19.415467878942824	50.46372734337421
28F	101	19.414539581691837	50.4638094787496
28F	102	19.41456514910749	50.46392188923793
28F	103	19.41390319106911	50.46399486794683
28F	104	19.413462845080684	50.46404595813031
28F	105	19.413027591480148	50.464092171010456
28F	106	19.41258708486687	50.46414379515973
28F	107	19.412154117143174	50.464159556209516
28F	108	19.411913001013023	50.46418791429666
28F	109	19.411432781327605	50.46427702433203
28F	110	19.41074889339715	50.46436559863722
28F	111	19.41031805775251	50.46434290016591
28F	112	19.41034255240881	50.464423165492924
28F	113	19.407690050902012	50.4647362915038
28F	114	19.40710344993994	50.464679171514646
28F	115	19.407040454152586	50.464822615978136
28F	116	19.404072674042652	50.46518124364442
28F	117	19.40272396086474	50.46533024166332
28F	118	19.401245377911952	50.46547042674266
28F	119	19.400509556827767	50.465514800491746
28F	120	19.399839250864854	50.465446063585574
28F	121	19.399055761754173	50.4654336682355
28F	122	19.398486672723404	50.465525368394644
28F	123	19.397644889007562	50.4656539506539
28F	124	19.39757095087036	50.465615979091055
28F	125	19.39750650589303	50.46565555148295
28F	126	19.39736347788084	50.46557787669025
28F	127	19.397300275243545	50.465543483910146
28F	128	19.39705230934622	50.465674919843984
28F	129	19.396978561352192	50.465634253467876
28F	130	19.396531512162976	50.46539108883371
28F	131	19.396084467571107	50.46514792251526
28F	132	19.396035140346946	50.465123685922556
28F	133	19.395677174662705	50.46494797962636
28F	134	19.395719122441097	50.46502032361627
28F	135	19.395947641527403	50.465182156452
290	0	19.40080626233391	50.46773759912334
290	1	19.400632849390306	50.467643066309336
290	2	19.400632758360484	50.467643016274224
291	0	19.396531512162976	50.46539108883371
291	1	19.396909326724806	50.46565299013392
291	2	19.396972720090414	50.465717106376296
291	3	19.39705230934622	50.465674919843984
292	0	19.47546891753411	50.47514244623426
292	1	19.47562325646632	50.47498023362308
293	0	19.476392811797037	50.474840604811845
293	1	19.47656877109837	50.474718156023044
293	2	19.476531065930317	50.474698961110974
293	3	19.476495767035797	50.4747276298655
293	4	19.47640844680693	50.47482305010991
293	5	19.4763048252944	50.47489523986386
293	6	19.47621547236742	50.47495745652019
293	7	19.47611199398834	50.475029558067384
293	8	19.4758604288407	50.4750669029062
293	9	19.47538654595381	50.47489373232275
293	10	19.475455648561177	50.474847884377546
293	11	19.47539758436619	50.474809001793105
293	12	19.47509953444912	50.474609632002156
293	13	19.47491637267455	50.47472798103513
293	14	19.474860866512135	50.474762858001085
293	15	19.473679788663627	50.47472759277451
293	16	19.473313399366848	50.47465553386282
293	17	19.472976788464383	50.47452946891637
293	18	19.472966341714393	50.47453886230766
293	19	19.47299442170761	50.474550649361
293	20	19.473286065354827	50.474673067377225
293	21	19.47357701794038	50.4747951159485
293	22	19.473910742345453	50.47494092151201
293	23	19.474025084180873	50.47499097239815
293	24	19.474104642572534	50.47493986774897
293	25	19.474554132340526	50.474955920573734
293	26	19.47493965521202	50.47498956495698
293	27	19.475238532038237	50.475053811077125
293	28	19.475238532038237	50.475053811077125
293	29	19.475547487665896	50.475172673982144
293	30	19.475709016651443	50.475253820863806
293	31	19.475748808394172	50.47527385256138
293	32	19.475630628301992	50.475356190688544
293	33	19.4755226637946	50.475431919263926
293	34	19.475472066166887	50.47546749019193
293	35	19.475355454519534	50.4755492192177
293	36	19.475222613908553	50.475636130092276
293	37	19.475035191840423	50.475768539373064
293	38	19.47494298709281	50.47583170669726
293	39	19.474752576228443	50.475842427987665
293	40	19.474718182623562	50.47576411504675
293	41	19.474585592125955	50.47559370575095
293	42	19.4745276183581	50.475547631114374
293	43	19.474455395309175	50.47548464637095
293	44	19.47425286997806	50.47543406914964
293	45	19.47419416563973	50.47541945330507
293	46	19.474115334736307	50.47539980829324
293	47	19.47393391384849	50.47535454220289
293	48	19.473906407073557	50.47534680885325
293	49	19.4737647320391	50.47534486093334
293	50	19.47360936728107	50.47534363238113
293	51	19.47360314458072	50.4753443599518
293	52	19.473421035344224	50.47539483830877
293	53	19.473383484843655	50.475405854205164
293	54	19.473343950881315	50.47543033058695
293	55	19.471278527737095	50.47472079837656
293	56	19.471225490813197	50.47460043123017
293	57	19.471145658039152	50.474555146637954
293	58	19.471116847030082	50.474548564321104
293	59	19.470965683504257	50.47450890587734
293	60	19.470732242269204	50.47447356063427
293	61	19.47067213169124	50.47448949397369
293	62	19.469801275109415	50.474097276485196
293	63	19.46966969984155	50.47399646526968
293	64	19.469333778222154	50.4738364127267
293	65	19.469119382271344	50.47378297305735
293	66	19.467816215629544	50.47314094639677
293	67	19.46744147572613	50.47331034764254
293	68	19.46700308679138	50.473513524651366
293	69	19.47017494533518	50.4748600421539
293	70	19.470083264331066	50.47497230348417
293	71	19.470091098675464	50.47497402486386
293	72	19.470182455863174	50.47501145967528
293	73	19.470416352572755	50.47509824060129
293	74	19.47055543106498	50.47515005860866
293	75	19.470608355603268	50.47516909584346
293	76	19.470675626393675	50.47519326664795
293	77	19.470738859517155	50.47521594579103
293	78	19.47079832502666	50.47523749646861
293	79	19.470863782589667	50.475261103875276
293	80	19.470912672530783	50.47527855948255
293	81	19.471041979147255	50.475323235511205
293	82	19.471146771973476	50.47535913778939
293	83	19.471276633668992	50.47540409057768
293	84	19.471524666951062	50.475489526486356
293	85	19.471655526796045	50.47553413231736
293	86	19.47175764472635	50.475569998909904
293	87	19.471810376521482	50.47562562648443
293	88	19.471889515683852	50.47566191048163
293	89	19.47191103773205	50.475671723565554
293	90	19.47211174060284	50.47576130193505
293	91	19.47220344985456	50.47580539311322
293	92	19.472268255760387	50.47583177837974
293	93	19.472291568601545	50.47580789860561
293	94	19.472334835764354	50.47577690814776
293	95	19.472492545052344	50.475832205154234
293	96	19.47266121693934	50.47591021326546
293	97	19.472676620747432	50.4759175183332
293	98	19.472751010342886	50.475952570570506
293	99	19.472815269716254	50.475982814491985
293	100	19.473010407775504	50.47607465592813
293	101	19.47307392276474	50.47610614867881
293	102	19.473169038646308	50.47615388018983
293	103	19.473284415572884	50.47621122808483
293	104	19.47337357149014	50.47625591420205
293	105	19.47339704844656	50.47626629211378
293	106	19.4735301104438	50.47632575987019
293	107	19.47364303523966	50.47637615216141
293	108	19.47365081784466	50.47637949100271
293	109	19.473775382098456	50.476435969894204
293	110	19.473867735710666	50.476477640621695
293	111	19.47394729941899	50.47651833436405
293	112	19.473996644208786	50.47654361680489
293	113	19.474205573850494	50.47639980287041
293	114	19.474382200324264	50.47650659407485
293	115	19.474178941825556	50.476649313850004
293	116	19.474239745799593	50.47667753364581
293	117	19.474444767000566	50.47658509661659
293	118	19.474483362850226	50.476567890283675
293	119	19.47464005720969	50.476497296913806
293	120	19.47465337516246	50.476516892059514
293	121	19.47451660040694	50.4765814528609
293	122	19.474277227777293	50.47669492816368
293	123	19.4743320626794	50.47672037234905
293	124	19.474384118511896	50.47674461124414
293	125	19.474505037303146	50.476800592001794
293	126	19.47462178622286	50.476854809683026
293	127	19.474731588989126	50.47690596917135
293	128	19.47483723628073	50.47695491625165
293	129	19.47494871221498	50.477006636921004
293	130	19.475058098959142	50.47705761082488
293	131	19.475161660382796	50.47710572108273
293	132	19.47527619499007	50.47715874025303
293	133	19.475399466785237	50.47721609954878
293	134	19.4755094149659	50.47726717028797
293	135	19.47562325772583	50.47731982040845
293	136	19.47573070886864	50.47736968939586
293	137	19.47574972051875	50.477378749598266
293	138	19.475848748393393	50.47742329336307
293	139	19.47594833114126	50.47746811403945
293	140	19.475980557862584	50.47748247214457
293	141	19.476070819677705	50.47751044737493
293	142	19.47616261638573	50.4775388921835
293	143	19.476250880827134	50.477550117846135
293	144	19.4762790826702	50.47755381377956
293	145	19.476353960998175	50.47755191704392
293	146	19.4764552717883	50.477529866818436
293	147	19.47646725256795	50.477525348345196
293	148	19.476573481130437	50.47748618957687
293	149	19.476687283789623	50.47744371327383
293	150	19.476795098777053	50.4774034062394
293	151	19.47693972739524	50.47734434016405
293	152	19.47717985921213	50.47724660360326
293	153	19.477334765875042	50.47718335585088
293	154	19.477579541491384	50.4770813635473
293	155	19.477833025542154	50.47697579832614
293	156	19.478101507135225	50.476863865256455
293	157	19.47820990086767	50.47681861943283
293	158	19.478351223210513	50.476761486397535
293	159	19.478721388707164	50.476611321015284
293	160	19.47881104026541	50.47657491054266
293	161	19.47913722051236	50.47643423880067
293	162	19.479344821637252	50.4763620566566
293	163	19.480498533452543	50.476338195587985
293	164	19.48067166775022	50.476334611957896
293	165	19.480945747426592	50.476329019119916
293	166	19.4812148862597	50.47632372079351
293	167	19.48124607300496	50.47608919285602
293	168	19.48089731351029	50.47606863674918
293	169	19.480720683398246	50.47605823901391
293	170	19.480449103045416	50.47599472311776
293	171	19.4803024043766	50.47596043986121
293	172	19.48025098185303	50.475964713379604
293	173	19.48004176790769	50.47598185111063
293	174	19.479738319737955	50.4760070181851
293	175	19.479558320877654	50.47603136986874
293	176	19.47944404734282	50.47593502167325
293	177	19.4789395268572	50.47578511170137
293	178	19.478601945389318	50.47571929021472
293	179	19.477908202535076	50.475701227436616
293	180	19.477911714882655	50.4757629516916
293	181	19.477101104203932	50.4755452835456
293	182	19.476620351006066	50.47519985029584
293	183	19.476676730994484	50.47505448442286
293	184	19.47669608492445	50.47500465784209
293	185	19.476946234456417	50.47475267726248
293	186	19.476847342228975	50.47482241190985
293	187	19.47667039325679	50.474945733764244
293	188	19.476392831197554	50.47484061616519
294	0	19.47667039325679	50.474945733764244
294	1	19.47666056346127	50.47495258446142
294	2	19.476719941100853	50.47498824332544
295	0	19.47638661284236	50.474838261152634
295	1	19.476392831197554	50.47484061616519
296	0	19.35843976963372	50.476199876739905
296	1	19.35848260321787	50.47624554165497
296	2	19.35824481270178	50.47632695338977
296	3	19.35796308225827	50.476402791201075
296	4	19.35742234937294	50.47653600788066
296	5	19.35742234937294	50.47653600788066
297	0	19.39792534321016	50.46718386937819
297	1	19.398455735499905	50.467304188543395
298	0	19.36406376715931	50.47421149735875
298	1	19.364639646185076	50.473993375765225
299	0	19.425761512519607	50.46189627116353
299	1	19.42572260590201	50.46168241435822
299	2   19.425673488568645	50.46169805347006