1216	D1000	23.145050949682215	50.94939085413274
1215	D1001	23.145050949682215	50.94939085413274
1833	D1002	23.145050949682215	50.94939085413274
1216	D1003	23.145158832715982	50.94991018005495
1217	D1004	23.145158832715982	50.94991018005495
1215	D1005	23.145158832715982	50.94991018005495
1216	D1006	23.144927838402175	50.94939912249577
1833	D1007	23.144927838402175	50.94939912249577
1217	D1008	23.145266853789124	50.9504298664315
1215	D1009	23.145266853789124	50.9504298664315
1940	D1010	23.145266853789124	50.9504298664315
282	D1011	23.14006387632029	50.94544714551869
279	D1012	23.14006387632029	50.94544714551869
280	D1013	23.14006387632029	50.94544714551869
408	D1014	23.136467437175707	50.93896613332396
406	D1015	23.136467437175707	50.93896613332396
408	D1016	23.13523139062386	50.9390985775217
406	D1017	23.13523139062386	50.9390985775217
408	D1018	23.135188736087624	50.93892053133035
500	D1019	23.135188736087624	50.93892053133035
408	D1020	23.1363989681541	50.938821878508634
500	D1021	23.1363989681541	50.938821878508634
368	D1022	23.1347359163912	50.941477410093874
369	D1023	23.1347359163912	50.941477410093874
516	D1024	23.1347359163912	50.941477410093874
312	D1025	23.139736296713735	50.94348880273388
313	D1026	23.139736296713735	50.94348880273388
308	D1027	23.139736296713735	50.94348880273388
312	D1028	23.139670294887605	50.943333330799476
313	D1029	23.139670294887605	50.943333330799476
512	D1030	23.139670294887605	50.943333330799476
286	D1031	23.141083818279615	50.94481061589592
284	D1032	23.141083818279615	50.94481061589592
285	D1033	23.141083818279615	50.94481061589592
286	D1034	23.141206564247103	50.944620753182235
288	D1035	23.141206564247103	50.944620753182235
289	D1036	23.141206564247103	50.944620753182235
855	D1037	23.143587200159406	50.94720179123962
845	D1038	23.143587200159406	50.94720179123962
846/3	D1039	23.143587200159406	50.94720179123962
336	D1040	23.13871215764464	50.942520234540396
337	D1041	23.13871215764464	50.942520234540396
332	D1042	23.13871215764464	50.942520234540396
336	D1043	23.136907176924307	50.94282703847324
332	D1044	23.136907176924307	50.94282703847324
335	D1045	23.136907176924307	50.94282703847324
336	D1046	23.136857537685128	50.94271061207343
340	D1047	23.136857537685128	50.94271061207343
335	D1048	23.136857537685128	50.94271061207343
336	D1049	23.138661424183592	50.94240119377281
337	D1050	23.138661424183592	50.94240119377281
340	D1051	23.138661424183592	50.94240119377281
1272	D1052	23.14847195635482	50.95294707066793
1271	D1053	23.14847195635482	50.95294707066793
1837	D1054	23.14847195635482	50.95294707066793
1272	D1055	23.148409323746215	50.952799629578315
1269	D1056	23.148409323746215	50.952799629578315
1271	D1057	23.148409323746215	50.952799629578315
1168	D1058	23.14544360542113	50.94932819173155
1167	D1059	23.14544360542113	50.94932819173155
1833	D1060	23.14544360542113	50.94932819173155
1168	D1061	23.14519624162151	50.949344900599286
1169	D1062	23.14519624162151	50.949344900599286
1833	D1063	23.14519624162151	50.949344900599286
1169	D1064	23.144921805295414	50.949363388502775
1170	D1065	23.144921805295414	50.949363388502775
1833	D1066	23.144921805295414	50.949363388502775
1169	D1067	23.144847031821442	50.94874613525835
1170	D1068	23.144847031821442	50.94874613525835
912	D1069	23.144847031821442	50.94874613525835
1607	D1070	23.150373372759525	50.95878797047391
1605	D1071	23.150373372759525	50.95878797047391
1608	D1072	23.150373372759525	50.95878797047391
1607	D1073	23.149624247352996	50.95875536916396
1582	D1074	23.149624247352996	50.95875536916396
1580	D1075	23.149624247352996	50.95875536916396
379	D1076	23.13689502803919	50.94069355679039
375	D1077	23.13689502803919	50.94069355679039
378	D1078	23.13689502803919	50.94069355679039
379	D1079	23.136815550888855	50.940505799709854
383	D1080	23.136815550888855	50.940505799709854
378	D1081	23.136815550888855	50.940505799709854
809	D1082	23.141600562961912	50.94573497975331
520	D1083	23.141600562961912	50.94573497975331
1826	D1084	23.141600562961912	50.94573497975331
809	D1085	23.141696372996016	50.945555077133285
798	D1086	23.141696372996016	50.945555077133285
520	D1087	23.141696372996016	50.945555077133285
1582	D1088	23.149599689005143	50.95869711583994
1580	D1089	23.149599689005143	50.95869711583994
1583	D1090	23.149599689005143	50.95869711583994
1580	D1091	23.149530869050544	50.95870866114808
1583	D1092	23.149530869050544	50.95870866114808
1581	D1093	23.149530869050544	50.95870866114808
1170	D1094	23.144401561405203	50.949399043839335
1171	D1095	23.144401561405203	50.949399043839335
1833	D1096	23.144401561405203	50.949399043839335
1170	D1097	23.144317196755736	50.948785226028434
1171	D1098	23.144317196755736	50.948785226028434
912	D1099	23.144317196755736	50.948785226028434
1288	D1100	23.149328357255232	50.95369380732826
1289	D1101	23.149328357255232	50.95369380732826
1838	D1102	23.149328357255232	50.95369380732826
1288	D1103	23.149261221730015	50.95353554608011
1289	D1104	23.149261221730015	50.95353554608011
1287	D1105	23.149261221730015	50.95353554608011
374	D1106	23.136373722626686	50.94098340260618
375	D1107	23.136373722626686	50.94098340260618
369	D1108	23.136373722626686	50.94098340260618
374	D1109	23.135388137890537	50.941149524775916
369	D1110	23.135388137890537	50.941149524775916
373	D1111	23.135388137890537	50.941149524775916
374	D1112	23.13530866606727	50.94096176671025
378	D1113	23.13530866606727	50.94096176671025
373	D1114	23.13530866606727	50.94096176671025
374	D1115	23.1362939708903	50.94079519365028
375	D1116	23.1362939708903	50.94079519365028
378	D1117	23.1362939708903	50.94079519365028
376	D1118	23.137261814804074	50.94083363271965
375	D1119	23.137261814804074	50.94083363271965
370	D1120	23.137261814804074	50.94083363271965
375	D1121	23.13666361698605	50.94093448351584
370	D1122	23.13666361698605	50.94093448351584
369	D1123	23.13666361698605	50.94093448351584
305	D1124	23.140466536744782	50.9436367593793
303	D1125	23.140466536744782	50.9436367593793
304	D1126	23.140466536744782	50.9436367593793
305	D1127	23.140268226252868	50.94356454917403
309	D1128	23.140268226252868	50.94356454917403
308	D1129	23.140268226252868	50.94356454917403
305	D1130	23.140643785686198	50.94350069830856
309	D1131	23.140643785686198	50.94350069830856
306	D1132	23.140643785686198	50.94350069830856
305	D1133	23.14068579413711	50.94359935682482
304	D1134	23.14068579413711	50.94359935682482
306	D1135	23.14068579413711	50.94359935682482
1298	D1136	23.14952809079981	50.95433057607695
1302	D1137	23.14952809079981	50.95433057607695
1303	D1138	23.14952809079981	50.95433057607695
1298	D1139	23.148146400297815	50.95434379020578
1293/5	D1140	23.148146400297815	50.95434379020578
1292	D1141	23.148146400297815	50.95434379020578
318	D1142	23.138344839794563	50.943539495818534
317	D1143	23.138344839794563	50.943539495818534
512	D1144	23.138344839794563	50.943539495818534
318	D1145	23.138281009300268	50.94338997243798
317	D1146	23.138281009300268	50.94338997243798
323	D1147	23.138281009300268	50.94338997243798
318	D1148	23.139412977367414	50.943197125880175
319	D1149	23.139412977367414	50.943197125880175
323	D1150	23.139412977367414	50.943197125880175
318	D1151	23.139444617999995	50.94327143574605
319	D1152	23.139444617999995	50.94327143574605
318	D1153	23.14023470396688	50.94313701288174
320	D1154	23.14023470396688	50.94313701288174
319	D1155	23.14023470396688	50.94313701288174
865	D1156	23.143371406522643	50.94776998734363
864	D1157	23.143371406522643	50.94776998734363
1829	D1158	23.143371406522643	50.94776998734363
865	D1159	23.14331683835036	50.94764184083852
864	D1160	23.14331683835036	50.94764184083852
863	D1161	23.14331683835036	50.94764184083852
1254	D1162	23.147486073737298	50.951811109813946
1256/1	D1163	23.147486073737298	50.951811109813946
1256/2	D1164	23.147486073737298	50.951811109813946
1471/1	D1165	23.149666231858937	50.95661114269607
1470/2	D1166	23.149666231858937	50.95661114269607
1474/2	D1167	23.149666231858937	50.95661114269607
1471/1	D1168	23.1495670818422	50.95638180847591
1840	D1169	23.1495670818422	50.95638180847591
1470/2	D1170	23.1495670818422	50.95638180847591
1302	D1171	23.1496180460456	50.95454096474685
1303	D1172	23.1496180460456	50.95454096474685
1970	D1173	23.1496180460456	50.95454096474685
423	D1174	23.140698383207315	50.94417462259287
296	D1175	23.140698383207315	50.94417462259287
293	D1176	23.140698383207315	50.94417462259287
423	D1177	23.139764517734864	50.944334419872796
295	D1178	23.139764517734864	50.944334419872796
293	D1179	23.139764517734864	50.944334419872796
423	D1180	23.139703154713743	50.94418968012104
295	D1181	23.139703154713743	50.94418968012104
299	D1182	23.139703154713743	50.94418968012104
300/1	D1183	23.139703154713743	50.94418968012104
423	D1184	23.140483820402867	50.944057613428285
300/2	D1185	23.140483820402867	50.944057613428285
300/1	D1186	23.140483820402867	50.944057613428285
423	D1187	23.140637839669136	50.94403159744401
296	D1188	23.140637839669136	50.94403159744401
300/2	D1189	23.140637839669136	50.94403159744401
370	D1190	23.13674813016467	50.941134594070256
369	D1191	23.13674813016467	50.941134594070256
516	D1192	23.13674813016467	50.941134594070256
1466	D1193	23.150949945153858	50.95590138257837
1465	D1194	23.150949945153858	50.95590138257837
1459/1	D1195	23.150949945153858	50.95590138257837
1552	D1196	23.15122889242037	50.95798114765775
1553	D1197	23.15122889242037	50.95798114765775
1841	D1198	23.15122889242037	50.95798114765775
1552	D1199	23.149633213231915	50.958248585959076
1551	D1200	23.149633213231915	50.958248585959076
1841	D1201	23.149633213231915	50.958248585959076
1552	D1202	23.15116641138043	50.957832360832214
1547	D1203	23.15116641138043	50.957832360832214
1548	D1204	23.15116641138043	50.957832360832214
1553	D1205	23.15116641138043	50.957832360832214
268	D1206	23.14123359494952	50.946142580238714
520	D1207	23.14123359494952	50.946142580238714
266	D1208	23.14123359494952	50.946142580238714
268	D1209	23.14132837814088	50.94596446835367
271	D1210	23.14132837814088	50.94596446835367
520	D1211	23.14132837814088	50.94596446835367
1490	D1212	23.14876209486118	50.957391079821264
1494	D1213	23.14876209486118	50.957391079821264
1493	D1214	23.14876209486118	50.957391079821264
1490	D1215	23.147417927902808	50.95762004611138
1493	D1216	23.147417927902808	50.95762004611138
1490	D1217	23.146473119300826	50.957780986092196
1490	D1218	23.146448004351562	50.95772227852385
1490	D1219	23.147970821305307	50.95746181378956
1483/1	D1220	23.147970821305307	50.95746181378956
1490	D1221	23.150294352758678	50.957064308438554
1483/1	D1222	23.150294352758678	50.957064308438554
1489	D1223	23.150294352758678	50.957064308438554
1490	D1224	23.150320563231617	50.95712563020588
1494	D1225	23.150320563231617	50.95712563020588
1489	D1226	23.150320563231617	50.95712563020588
320	D1227	23.140202921543064	50.94306261228835
319	D1228	23.140202921543064	50.94306261228835
323	D1229	23.140202921543064	50.94306261228835
352	D1230	23.137655292841824	50.94180771733422
353/1	D1231	23.137655292841824	50.94180771733422
355/1	D1232	23.137655292841824	50.94180771733422
330	D1233	23.13912444748727	50.94276321478301
329	D1234	23.13912444748727	50.94276321478301
513	D1235	23.13912444748727	50.94276321478301
330	D1236	23.139060617179798	50.94261360191513
332	D1237	23.139060617179798	50.94261360191513
329	D1238	23.139060617179798	50.94261360191513
1509	D1239	23.148802212484537	50.95748576579126
1494	D1240	23.148802212484537	50.95748576579126
1493	D1241	23.148802212484537	50.95748576579126
1509	D1242	23.149579932188686	50.95735433581297
1508	D1243	23.149579932188686	50.95735433581297
1494	D1244	23.149579932188686	50.95735433581297
1482	D1245	23.147909391284614	50.9573184267677
1483/1	D1246	23.147909391284614	50.9573184267677
1453	D1247	23.148990931696037	50.95578823610158
1948	D1248	23.148990931696037	50.95578823610158
1456/2	D1249	23.148990931696037	50.95578823610158
1453	D1250	23.14892296841367	50.95562844041043
1948	D1251	23.14892296841367	50.95562844041043
1453	D1252	23.149647664249272	50.95542146832049
1446/1	D1253	23.149647664249272	50.95542146832049
1447	D1254	23.149647664249272	50.95542146832049
327	D1255	23.137556961743524	50.94320015492684
324	D1256	23.137556961743524	50.94320015492684
326	D1257	23.137556961743524	50.94320015492684
327	D1258	23.13749669035971	50.94305838869338
326	D1259	23.13749669035971	50.94305838869338
513	D1260	23.13749669035971	50.94305838869338
1284	D1261	23.148138789410485	50.95345220920219
1945	D1262	23.148138789410485	50.95345220920219
1284	D1263	23.147740290032342	50.95352140066306
1945	D1264	23.147740290032342	50.95352140066306
1944	D1265	23.147740290032342	50.95352140066306
1284	D1266	23.148106476150147	50.95335128694484
1283	D1267	23.148106476150147	50.95335128694484
1256/1	D1268	23.147654630903986	50.95220528748451
1256/2	D1269	23.147654630903986	50.95220528748451
1836	D1270	23.147654630903986	50.95220528748451
1237	D1271	23.145321073337406	50.950856832904485
1238	D1272	23.145321073337406	50.950856832904485
1834	D1273	23.145321073337406	50.950856832904485
1237	D1274	23.145278087224	50.95075628118786
1229	D1275	23.145278087224	50.95075628118786
1238	D1276	23.145278087224	50.95075628118786
1237	D1277	23.145291936426517	50.95075386537804
1229	D1278	23.145291936426517	50.95075386537804
1230	D1279	23.145291936426517	50.95075386537804
309	D1280	23.14020221425444	50.943409526966605
313	D1281	23.14020221425444	50.943409526966605
308	D1282	23.14020221425444	50.943409526966605
382	D1283	23.13547371772058	50.94073176857578
383	D1284	23.13547371772058	50.94073176857578
378	D1285	23.13547371772058	50.94073176857578
382	D1286	23.135390576728142	50.940534723794315
383	D1287	23.135390576728142	50.940534723794315
517	D1288	23.135390576728142	50.940534723794315
824	D1289	23.141326533429535	50.946249973566424
831	D1290	23.141326533429535	50.946249973566424
520	D1291	23.141326533429535	50.946249973566424
824	D1292	23.14139861806139	50.94611439668844
823	D1293	23.14139861806139	50.94611439668844
520	D1294	23.14139861806139	50.94611439668844
831	D1295	23.141202265533334	50.946483605913855
520	D1296	23.141202265533334	50.946483605913855
1827	D1297	23.141202265533334	50.946483605913855
276	D1298	23.141531357010425	50.94558299145738
273	D1299	23.141531357010425	50.94558299145738
520	D1300	23.141531357010425	50.94558299145738
276	D1301	23.140148564306894	50.94564671529682
279	D1302	23.140148564306894	50.94564671529682
280	D1303	23.140148564306894	50.94564671529682
276	D1304	23.14163159108629	50.94539467091329
280	D1305	23.14163159108629	50.94539467091329
520	D1306	23.14163159108629	50.94539467091329
1172	D1307	23.143985158005393	50.94880976237652
1171	D1308	23.143985158005393	50.94880976237652
912	D1309	23.143985158005393	50.94880976237652
1172	D1310	23.144078954381456	50.949421222292884
1171	D1311	23.144078954381456	50.949421222292884
1833	D1312	23.144078954381456	50.949421222292884
1172	D1313	23.14367079138337	50.948832899082944
1173	D1314	23.14367079138337	50.948832899082944
912	D1315	23.14367079138337	50.948832899082944
405	D1316	23.135271400274807	50.93926581622719
399	D1317	23.135271400274807	50.93926581622719
405	D1318	23.135252120341505	50.93918530375999
406	D1319	23.135252120341505	50.93918530375999
405	D1320	23.13650167101109	50.93903830565934
406	D1321	23.13650167101109	50.93903830565934
405	D1322	23.136535906616086	50.93911038809765
399	D1323	23.136535906616086	50.93911038809765
399	D1324	23.135290412417366	50.939345427717114
397	D1325	23.135290412417366	50.939345427717114
1239/1	D1326	23.14681174227923	50.95083231230572
1239/2	D1327	23.14681174227923	50.95083231230572
1246	D1328	23.14681174227923	50.95083231230572
832/7	D1329	23.142434425636544	50.94640968373914
832/6	D1330	23.142434425636544	50.94640968373914
836	D1331	23.142434425636544	50.94640968373914
1291	D1332	23.148057413735398	50.95413529531684
1293/5	D1333	23.148057413735398	50.95413529531684
1292	D1334	23.148057413735398	50.95413529531684
1229	D1335	23.145254959372647	50.95066711213971
1228/1	D1336	23.145254959372647	50.95066711213971
1230	D1337	23.145254959372647	50.95066711213971
346	D1338	23.137984319675894	50.94229748865719
347	D1339	23.137984319675894	50.94229748865719
514	D1340	23.137984319675894	50.94229748865719
346	D1341	23.13654332592302	50.94254305502534
345	D1342	23.13654332592302	50.94254305502534
514	D1343	23.13654332592302	50.94254305502534
346	D1344	23.13646137446371	50.942350514828064
350	D1345	23.13646137446371	50.942350514828064
345	D1346	23.13646137446371	50.942350514828064
346	D1347	23.137888934177898	50.94210781696817
350	D1348	23.137888934177898	50.94210781696817
418	D1349	23.137888934177898	50.94210781696817
284	D1350	23.1411487250488	50.944964101147036
285	D1351	23.1411487250488	50.944964101147036
422	D1352	23.1411487250488	50.944964101147036
1547	D1353	23.15110624864053	50.957689164534116
1548	D1354	23.15110624864053	50.957689164534116
1535	D1355	23.15110624864053	50.957689164534116
1534	D1356	23.151058559537237	50.95769726837775
1548	D1357	23.151058559537237	50.95769726837775
1535	D1358	23.151058559537237	50.95769726837775
1534	D1359	23.14988688384035	50.957748348735926
1527	D1360	23.14988688384035	50.957748348735926
1525	D1361	23.14988688384035	50.957748348735926
1534	D1362	23.15100070208194	50.957560381681944
1535	D1363	23.15100070208194	50.957560381681944
1525	D1364	23.15100070208194	50.957560381681944
1508	D1365	23.15080621755064	50.9572585265087
1514	D1366	23.15080621755064	50.9572585265087
1515	D1367	23.15080621755064	50.9572585265087
1508	D1368	23.150050058697623	50.957386525605266
1514	D1369	23.150050058697623	50.957386525605266
1513	D1370	23.150050058697623	50.957386525605266
1508	D1371	23.151092381387205	50.95709878926316
1951	D1372	23.151092381387205	50.95709878926316
1494	D1373	23.151092381387205	50.95709878926316
1508	D1374	23.151255112592942	50.957182588807
1951	D1375	23.151255112592942	50.957182588807
1515	D1376	23.151255112592942	50.957182588807
1516/2	D1377	23.151255112592942	50.957182588807
1514	D1378	23.150828463733422	50.95731091936839
1515	D1379	23.150828463733422	50.95731091936839
1525	D1380	23.150828463733422	50.95731091936839
1514	D1381	23.150072032566356	50.957438197438975
1513	D1382	23.150072032566356	50.957438197438975
1525	D1383	23.150072032566356	50.957438197438975
1526	D1384	23.14982098389349	50.9575921645991
1527	D1385	23.14982098389349	50.9575921645991
1525	D1386	23.14982098389349	50.9575921645991
1526	D1387	23.149776910704897	50.95748792093445
1513	D1388	23.149776910704897	50.95748792093445
1525	D1389	23.149776910704897	50.95748792093445
1524	D1390	23.151337514908608	50.95750358635571
1535	D1391	23.151337514908608	50.95750358635571
1525	D1392	23.151337514908608	50.95750358635571
1524	D1393	23.151249198480755	50.95729626761198
1525	D1394	23.151249198480755	50.95729626761198
1524	D1395	23.15140670665268	50.957213626598005
1516/2	D1396	23.15140670665268	50.957213626598005
1525	D1397	23.15140670665268	50.957213626598005
288	D1398	23.141142336025762	50.94446907092165
289	D1399	23.141142336025762	50.94446907092165
510	D1400	23.141142336025762	50.94446907092165
351	D1401	23.137842020634327	50.941997793923605
350	D1402	23.137842020634327	50.941997793923605
418	D1403	23.137842020634327	50.941997793923605
1311/1	D1404	23.150559309192115	50.95461712637597
1316	D1405	23.150559309192115	50.95461712637597
1317/2	D1406	23.150559309192115	50.95461712637597
1311/1	D1407	23.15011299122612	50.95469352962422
1316	D1408	23.15011299122612	50.95469352962422
1311/2	D1409	23.15011299122612	50.95469352962422
1311/1	D1410	23.150025476989786	50.954489631818
1970	D1411	23.150025476989786	50.954489631818
1311/2	D1412	23.150025476989786	50.954489631818
273	D1413	23.14143554628232	50.945762893937804
508	D1414	23.14143554628232	50.945762893937804
520	D1415	23.14143554628232	50.945762893937804
273	D1416	23.14021689685458	50.94596923614369
272/3	D1417	23.14021689685458	50.94596923614369
508	D1418	23.14021689685458	50.94596923614369
1515	D1419	23.15133788769159	50.95722526287324
1516/2	D1420	23.15133788769159	50.95722526287324
1525	D1421	23.15133788769159	50.95722526287324
303	D1422	23.14056256828065	50.94386158410295
304	D1423	23.14056256828065	50.94386158410295
511	D1424	23.14056256828065	50.94386158410295
300/2	D1425	23.140418910423065	50.943904487347474
300/1	D1426	23.140418910423065	50.943904487347474
511	D1427	23.140418910423065	50.943904487347474
1945	D1428	23.14779473148828	50.95364972379963
1287	D1429	23.14779473148828	50.95364972379963
1944	D1430	23.14779473148828	50.95364972379963
265	D1431	23.14116136750871	50.946278155965246
520	D1432	23.14116136750871	50.946278155965246
266	D1433	23.14116136750871	50.946278155965246
395	D1434	23.135309960336176	50.9394268411497
397	D1435	23.135309960336176	50.9394268411497
395	D1436	23.136603284976186	50.939252117588126
397	D1437	23.136603284976186	50.939252117588126
1283	D1438	23.14807402400704	50.95325018386597
1277	D1439	23.14807402400704	50.95325018386597
1283	D1440	23.148887687211445	50.95311075007723
1277	D1441	23.148887687211445	50.95311075007723
1278	D1442	23.148887687211445	50.95311075007723
353/1	D1443	23.13760878866622	50.941698686099556
355/1	D1444	23.13760878866622	50.941698686099556
515	D1445	23.13760878866622	50.941698686099556
1575	D1446	23.1494611578799	50.95854291982652
1583	D1447	23.1494611578799	50.95854291982652
1581	D1448	23.1494611578799	50.95854291982652
1575	D1449	23.148761680709477	50.95866017594452
1581	D1450	23.148761680709477	50.95866017594452
1575	D1451	23.148725263662413	50.958573248236455
1574	D1452	23.148725263662413	50.958573248236455
1215	D1453	23.146276898667825	50.950257996126474
1214	D1454	23.146276898667825	50.950257996126474
1940	D1455	23.146276898667825	50.950257996126474
823	D1456	23.141493544505327	50.94593619582456
810	D1457	23.141493544505327	50.94593619582456
520	D1458	23.141493544505327	50.94593619582456
271	D1459	23.141424780367377	50.945783401628596
508	D1460	23.141424780367377	50.945783401628596
520	D1461	23.141424780367377	50.945783401628596
810	D1462	23.141589654842047	50.94575548641396
520	D1463	23.141589654842047	50.94575548641396
1826	D1464	23.141589654842047	50.94575548641396
362/1	D1465	23.13180674594476	50.94232454355438
362/1	D1466	23.131733062710534	50.94217044830871
364	D1467	23.131733062710534	50.94217044830871
362/1	D1468	23.134879084007487	50.941637142451896
362/2	D1469	23.134879084007487	50.941637142451896
364	D1470	23.134879084007487	50.941637142451896
362/1	D1471	23.13494506581935	50.94179270693572
362/2	D1472	23.13494506581935	50.94179270693572
419	D1473	23.13494506581935	50.94179270693572
1315	D1474	23.149081771090184	50.95510854475563
1316	D1475	23.149081771090184	50.95510854475563
1839	D1476	23.149081771090184	50.95510854475563
1315	D1477	23.148986614565345	50.95488688045381
1316	D1478	23.148986614565345	50.95488688045381
1311/2	D1479	23.148986614565345	50.95488688045381
362/2	D1480	23.13654588745731	50.94152137246836
360	D1481	23.13654588745731	50.94152137246836
419	D1482	23.13654588745731	50.94152137246836
360	D1483	23.13662059880065	50.94169758739874
419	D1484	23.13662059880065	50.94169758739874
358	D1485	23.13662059880065	50.94169758739874
874/1	D1486	23.143187707113157	50.948240968157464
1893	D1487	23.143187707113157	50.948240968157464
1892	D1488	23.143187707113157	50.948240968157464
845	D1489	23.143464842146596	50.94691384691443
846/3	D1490	23.143464842146596	50.94691384691443
1828	D1491	23.143464842146596	50.94691384691443
1443/1	D1492	23.14956575422902	50.95523028671088
1446/1	D1493	23.14956575422902	50.95523028671088
1447	D1494	23.14956575422902	50.95523028671088
299	D1495	23.139638109824148	50.94403628291311
300/1	D1496	23.139638109824148	50.94403628291311
511	D1497	23.139638109824148	50.94403628291311