27	0	23.09396880067434	53.701842516160625
27	1	23.09396880067434	53.701842516160625
D23	0	23.09265794663919	53.69875385800554
D23	1	23.092362893748525	53.69824448550543
D23	2	23.091935925892177	53.69744789289452
D23	3	23.091909881185284	53.69740573174516
D23	4	23.0913594645816	53.696520679243676
D23	5	23.0911686085832	53.69608836186088
D23	6	23.091097408706844	53.695926971734565
D23	7	23.091676180325496	53.69587157824769
D23	8	23.091707375282667	53.69604419446376
D23	9	23.091934071865392	53.696535100561555
D23	10	23.0919896019766	53.696632326662616
D23	11	23.092438407348126	53.69741811003174
D23	12	23.09274578263454	53.69795610679303
D23	13	23.09309025739187	53.6982158927488
D23	14	23.09309025739187	53.6982158927488
D23	15	23.093300302714038	53.698341145865854
D23	16	23.093384562016407	53.69839644317247
D23	17	23.09339352968812	53.698222961291115
D23	18	23.09349614111563	53.69819525291362
D23	19	23.093543848406554	53.697890670643474
D23	20	23.09363918552474	53.697498622495246
D23	21	23.093639185524744	53.69749862249524
D23	22	23.09374933781426	53.697026855596995
D23	23	23.09374933781426	53.697026855596995
D23	24	23.093877977037813	53.69668761358275
D23	25	23.093781633519036	53.696499235911666
D23	26	23.093781633519036	53.696499235911666
D23	27	23.093591359226185	53.69638248799724
D23	28	23.093361988218977	53.69624174998351
D23	29	23.093247305673714	53.69616084675524
D23	30	23.09314456701771	53.69607398060399
D23	31	23.092925124666262	53.69584377398503
D23	32	23.09284407588539	53.695736141894805
D23	33	23.09301811554567	53.69568998317165
D23	34	23.093007009023236	53.695675201743654
D23	35	23.092763882708546	53.69540335624525
D23	36	23.09257128544438	53.695263998076825
D23	37	23.092247041704635	53.69509831240426
D23	38	23.091860695372517	53.69498003016784
D23	39	23.091539784635142	53.69511495905717
D23	40	23.091535173432472	53.69470328411176
D23	41	23.09155269894094	53.694625069614276
D23	42	23.091941074344664	53.694721515632445
D23	43	23.09194065605483	53.694785597207705
D23	44	23.092180853865873	53.694845415838124
D23	45	23.0923979069219	53.69492202897066
D23	46	23.092643999252722	53.695037964810695
D23	47	23.092833758284414	53.69514965263598
D23	48	23.092833758284414	53.69514965263598
D23	49	23.092948372504708	53.69523141179288
D23	50	23.093057357038894	53.69534704712953
D23	51	23.09315512630268	53.695501315672004
D23	52	23.093251676316616	53.69558163808175
D23	53	23.093609186109916	53.69555388830268
D23	54	23.093609186109916	53.69555388830268
D23	55	23.093999746381638	53.695669717732166
D23	56	23.094152915549934	53.695684199360116
D23	57	23.094316408572155	53.69566122684762
D23	58	23.09440399629128	53.695604267028614
D23	59	23.09464248907533	53.69530661338632
D23	60	23.094769865159403	53.69510236966121
D23	61	23.0949260318238	53.69488145845107
D23	62	23.095451504433324	53.69427876060927
D23	63	23.095706043274298	53.69398313202739
D23	64	23.095841136712238	53.693839349844694
D23	65	23.09599947623387	53.69358010111923
D23	66	23.09620913920848	53.69341026443782
D23	67	23.09652189535447	53.69321244448621
D23	68	23.09655408265585	53.69309577718972
D23	69	23.096715751580902	53.69297427489903
D23	70	23.096873917707295	53.69304980949929
D23	71	23.097059049931115	53.692914343098245
D23	72	23.097059049931115	53.692914343098245
D23	73	23.097337776887684	53.69278834965145
D23	74	23.09759716910848	53.69261214146422
D23	75	23.09820408685165	53.6922101841022
D23	76	23.098518746259376	53.69206572619838
D23	77	23.099101254173856	53.6917630811875
D23	78	23.10125048204304	53.69069194821443
D23	79	23.101306827785436	53.69066231990115
D23	80	23.102739817209045	53.68986824634982
D23	81	23.103132381233426	53.689670343745256
D23	82	23.10332261471909	53.68957192358527
D23	83	23.10386946977297	53.68921741117714
D23	84	23.1039738607063	53.68913097506318
D23	85	23.10411474433891	53.689055600321055
D23	86	23.104619404016656	53.68873985117493
D23	87	23.104414803784294	53.68858659021864
D23	88	23.1042176806709	53.688372635836714
D23	89	23.104668769498005	53.68793621130478
D23	90	23.10506007625829	53.687557616635615
D23	91	23.10490874315431	53.68745235467453
D23	92	23.10527464967578	53.68725964131965
D23	93	23.10527464967578	53.68725964131965
D23	94	23.10527464967578	53.68725964131965
D23	95	23.105777314105033	53.68763600329265
D23	96	23.105777314105033	53.68763600329265
D23	97	23.105777314105033	53.68763600329265
D23	98	23.105822125483407	53.6875971712404
D23	99	23.105822125483407	53.6875971712404
D23	100	23.105822125483407	53.6875971712404
D23	101	23.105387646450744	53.68727220398612
D23	102	23.105494945832984	53.687246934312405
D23	103	23.105920661107074	53.68702976441045
D23	104	23.106294383744483	53.68702104000537
D23	105	23.10702484743493	53.68667774906644
D23	106	23.107282095318624	53.686391480175274
D23	107	23.107728347103013	53.68584613313876
D23	108	23.107878938720482	53.685645757826045
D23	109	23.108105693995874	53.685322112844936
D23	110	23.108236547288364	53.68512699710313
D23	111	23.10836835896605	53.684862041267095
D23	112	23.108481938762175	53.68459148826141
D23	113	23.108509224668904	53.684436079206556
D23	114	23.108726020596475	53.683803761808846
D23	115	23.108834959184303	53.683563576534254
D23	116	23.108930108199218	53.683172958669736
D23	117	23.108575597499467	53.68315504102544
D23	118	23.10860671654312	53.68277986406361
D23	119	23.108610668830618	53.68246402121916
D23	120	23.108831424986203	53.6823826139403
D23	121	23.108816304302408	53.68226961222797
D23	122	23.108786371217636	53.68218726241581
D23	123	23.10869172393729	53.682056539861165
D23	124	23.108419237922522	53.68188044749873
D23	125	23.10825119569448	53.68178250243603
D23	126	23.10810490796018	53.68163343645003
D23	127	23.107917101054923	53.68151830491506
D23	128	23.10791710021049	53.68151830339827
D23	129	23.107680263466627	53.681348971912804
D23	130	23.107465830972206	53.68111447268578
D23	131	23.107141156289515	53.68043273350722
D23	132	23.107171798014726	53.680322624973385
D23	133	23.107227472249743	53.68022972720078
D23	134	23.10739274288963	53.680113684454035
D23	135	23.107563693767446	53.680055116422785
D23	136	23.107547669373847	53.67988859000595
D23	137	23.10737867989415	53.679722891010606
D23	138	23.107184411158748	53.67957540670886
D23	139	23.107386071413607	53.67948214317811
D23	140	23.10743745233469	53.679457226765436
D23	141	23.10756203975696	53.67955345761357
D23	142	23.107776590796163	53.679711859497594
D23	143	23.1080623290148	53.67999002788927
D23	144	23.1080623290148	53.67999002788927
D23	145	23.108137815806828	53.68004670980587
D23	146	23.108634568612853	53.679991341113016
D23	147	23.109117225448024	53.68033646964498
D23	148	23.10942632300642	53.680186708058706
D23	149	23.109518295481895	53.67967805970637
D23	150	23.109705722354352	53.679209052980525
D23	151	23.110045160941628	53.678620628456784
D23	152	23.110511973863836	53.67796527885152
D23	153	23.110564423915417	53.67793983013035
D23	154	23.110650986583572	53.677783072845635
D23	155	23.11114403422611	53.677253772862784
D23	156	23.111549191009015	53.67683172530055
D23	157	23.111391651312463	53.67671904658882
D23	158	23.111391651312463	53.67671904658882
D23	159	23.111391651312463	53.67671904658882
D23	160	23.111391651312463	53.67671904658882
D23	161	23.1121087347117	53.676390879871406
D23	162	23.112273389767303	53.67610405191642
D23	163	23.11243756315925	53.67596750074715
D23	164	23.11292553602019	53.67597219571406
D23	165	23.11358111750977	53.675408599808996
D23	166	23.11347687242257	53.67536382813108
D23	167	23.11347687242257	53.67536382813108
D23	168	23.113980682375303	53.674925134088184
D23	169	23.114091785928867	53.67496957098885
D23	170	23.117060921166537	53.672416737725406
D23	171	23.117093255080118	53.67243058816899
D23	172	23.117179201562035	53.67245988655425
D23	173	23.11721629018523	53.67242304849925
D23	174	23.11726827501231	53.672259979535475
D23	175	23.11762975916517	53.67216748360167
D23	176	23.117599482252768	53.67211011067176
D23	177	23.117706144885002	53.67211116611451
D23	178	23.117638749622948	53.67207760173554
D23	179	23.11747370570652	53.67206179910789
D23	180	23.117703932137978	53.67186383242085
D23	181	23.11777510730857	53.67188864598845
D23	182	23.11800998797779	53.671728092072776
D23	183	23.11778704536835	53.67162868414777
D23	184	23.117861881817326	53.67153057105827
D23	185	23.117683055331387	53.671482607885395
D23	186	23.117004289558654	53.671829229818336
D23	187	23.11652577562584	53.671852118989854
D23	188	23.116469690576427	53.67182292288352
D23	189	23.11672706552088	53.671686236891006
D23	190	23.11718665922134	53.67146619909149
D23	191	23.117358005661337	53.671384253339696
D23	192	23.117500300418364	53.671316201008885
D23	193	23.118019656448034	53.67109261334143
D23	194	23.118019656448034	53.67109261334143
D23	195	23.118119472726303	53.67104290292907
D23	196	23.1179012716263	53.670871096902424
D23	197	23.117964179036775	53.670697072946034
D23	198	23.1183404439032	53.670734901140406
D23	199	23.11851872466063	53.67057912188929
D23	200	23.118782445312938	53.6703054613109
D23	201	23.118657734631533	53.67017438684008
D23	202	23.118680227714183	53.67013570850277
D23	203	23.118463037261375	53.66988660596842
D23	204	23.118503781208297	53.66987323009359
D23	205	23.118297515655122	53.6696547529664
D23	206	23.118415294695943	53.66961590270932
D23	207	23.118621203609997	53.66983505065983
D23	208	23.11874233399384	53.66979491488896
D23	209	23.118968780058765	53.67003219838421
D23	210	23.119108870392605	53.669981944442206
D23	211	23.119324696549352	53.66978483445828
D23	212	23.119630912128148	53.66951080232051
D23	213	23.11905305307899	53.66950949846702
D23	214	23.119243370786783	53.66928279209982
D23	215	23.119610225997015	53.669144804260256
D23	216	23.119759973179214	53.66914906660713
D23	217	23.12016727168946	53.669145293700865
D23	218	23.12036454835289	53.669063704434144
D23	219	23.12053469512605	53.6689076860527
D23	220	23.120639762980524	53.668823867948305
D23	221	23.1207805124496	53.66878196640258
D23	222	23.121090138238497	53.668735922576104
D23	223	23.12149066297498	53.66816430731684
D23	224	23.12155021927928	53.668025142381765
D23	225	23.12163698724445	53.66785030520226
D23	226	23.12178589395674	53.66760965200439
D23	227	23.122003870455178	53.66730512469669
D23	228	23.122106636523352	53.66733177550147
D23	229	23.121979786241933	53.667516313002174
D23	230	23.122259783952046	53.667607325325406
D23	231	23.122311271280825	53.66753249131732
D23	232	23.122703384650684	53.667638342162704
D23	233	23.123408469010712	53.66782879327252
D23	234	23.12335247073247	53.667902336705204
D23	235	23.122861615371136	53.66781508432421
D23	236	23.122630738811093	53.6678795287062
D23	237	23.12255077759192	53.667941124765875
D23	238	23.122136992038094	53.668441028916384
D23	239	23.122183088744556	53.668465448842284
D23	240	23.122121545783457	53.66853625530954
D23	241	23.12208658288053	53.668536717865976
D23	242	23.121564246171083	53.66910204945773
D23	243	23.12155893410654	53.66920013651198
D23	244	23.12153238478697	53.66925645163591
D23	245	23.121492028810085	53.669305920790194
D23	246	23.121369943474996	53.66938305641205
D23	247	23.121195221213704	53.66943926212198
D23	248	23.121164811932992	53.66946585151866
D23	249	23.121027542636963	53.66970627346589
D23	250	23.120867203971912	53.669923953812535
D23	251	23.12057131335915	53.67025876697835
D23	252	23.12040659723763	53.670384637393866
D23	253	23.120301010217393	53.67041820906971
D23	254	23.120285084927136	53.67042915623036
D23	255	23.120285084927136	53.67042915623036
D23	256	23.12052191744139	53.67050283773658
D23	257	23.12039022252044	53.67058001841284
D23	258	23.120766012118615	53.67074124577291
D23	259	23.120677329453088	53.670810938640955
D23	260	23.120291520275803	53.6706378198901
D23	261	23.120226259018764	53.67067615923631
D23	262	23.120340913363336	53.670727639070456
D23	263	23.120315520060174	53.67075008874382
D23	264	23.120192558032162	53.67069586018207
D23	265	23.11998610715447	53.67060227707841
D23	266	23.119697022277666	53.67076028194073
D23	267	23.119380245069458	53.67119767860399
D23	268	23.11925227918102	53.671128913842914
D23	269	23.119098721296055	53.67124610890904
D23	270	23.118876499250774	53.671339081113274
D23	271	23.11875139129356	53.67134095724124
D23	272	23.118260405175995	53.67174110070556
D23	273	23.118140207458744	53.67175322291707
D23	274	23.117964945441525	53.671935692326116
D23	275	23.118041593814336	53.67192925558505
D23	276	23.11562572199941	53.674006513387894
D23	277	23.11552033734874	53.674163022570454
D23	278	23.115449151039808	53.674196609122056
D23	279	23.115712893779477	53.67439361405752
D23	280	23.11559772765833	53.674405550359964
D23	281	23.115440444421203	53.67453361555782
D23	282	23.11541980331465	53.67460283384373
D23	283	23.114899033920665	53.67503213720817
D23	284	23.11471181361161	53.67519952500169
D23	285	23.11471181361161	53.67519952500169
D23	286	23.114549107294433	53.675324656913226
D23	287	23.114320330128777	53.675550052372216
D23	288	23.11393430509287	53.675957939637605
D23	289	23.113469682303514	53.67647279081978
D23	290	23.113302849536293	53.676644341428215
D23	291	23.11315174031801	53.67683665094745
D23	292	23.113079261181962	53.677006695523716
D23	293	23.11305870981349	53.67718313855317
D23	294	23.11310032901978	53.677596359822495
D23	295	23.113050153741426	53.67775240289942
D23	296	23.112961680027876	53.67790455562377
D23	297	23.11280907834974	53.67796013415597
D23	298	23.11270526881098	53.67812529558468
D23	299	23.112564190912675	53.678304724733245
D23	300	23.11225467496983	53.67862927782931
D23	301	23.11203626623821	53.678813428149326
D23	302	23.11212593376242	53.67887868273333
D23	303	23.110976996989386	53.679435373392614
D23	304	23.11069740407101	53.67974417741688
D23	305	23.110545752673346	53.68007129768983
D23	306	23.110337745838503	53.68059092643688
D23	307	23.110299959102772	53.68082566745027
D23	308	23.110326846876728	53.68101504317326
D23	309	23.11042909230183	53.681284272986936
D23	310	23.110514200980187	53.68135074359013
D23	311	23.11083136163229	53.6816135974188
D23	312	23.111102311060957	53.68183813830089
D23	313	23.111102311060957	53.68183813830089
D23	314	23.111102311060957	53.68183813830089
D23	315	23.11196071354549	53.68234238732093
D23	316	23.11202799465926	53.682580071934055
D23	317	23.112310801621465	53.68280611628324
D23	318	23.11207611006714	53.68291750256072
D23	319	23.111875600028586	53.68301266521338
D23	320	23.111678461865836	53.683106226813955
D23	321	23.11148268683325	53.68311537787033
D23	322	23.111255765295663	53.682923487718135
D23	323	23.11106547179443	53.682879687940584
D23	324	23.110885467770828	53.68276901865272
D23	325	23.110648866694774	53.682577130487346
D23	326	23.1102972805643	53.682455436461865
D23	327	23.110107168838322	53.68247619194858
D23	328	23.110058378525178	53.68251273037665
D23	329	23.11002617273984	53.682652385207895
D23	330	23.109990071321114	53.68287974170694
D23	331	23.109960855702074	53.683005629925816
D23	332	23.10995821291045	53.68309986365151
D23	333	23.109997486968485	53.68314626591311
D23	334	23.109952876057985	53.68358959065263
D23	335	23.10982717970577	53.68409390444648
D23	336	23.10978937682705	53.684177333853725
D23	337	23.109762473127578	53.68425219760911
D23	338	23.109859185959333	53.68432375887269
D23	339	23.109859185959333	53.68432375887269
D23	340	23.109859185959333	53.68432375887269
D23	341	23.109714028234713	53.684518794761516
D23	342	23.10968307222107	53.6846268492612
D23	343	23.10968307222107	53.6846268492612
D23	344	23.109512923793417	53.68504985943929
D23	345	23.10922639433249	53.68564294511154
D23	346	23.109188330396215	53.68574391479953
D23	347	23.108921822437914	53.686157213883924
D23	348	23.108838191600185	53.68626474659759
D23	349	23.10913139441812	53.68613385856512
D23	350	23.10921962597027	53.68619939233229
D23	351	23.108925216673303	53.686334775185486
D23	352	23.108921814028317	53.68635254177569
D23	353	23.108841043443466	53.686390292697205
D23	354	23.108627126930017	53.686490273372605
D23	355	23.10849210460962	53.68666652864036
D23	356	23.10844505056564	53.68669470606877
D23	357	23.108216149393115	53.686987247546845
D23	358	23.10795652992888	53.68733982173499
D23	359	23.107735963781625	53.68762825430199
D23	360	23.10771929322668	53.68767087376783
D23	361	23.107508065837035	53.68787640901868
D23	362	23.107445854092244	53.68790840753248
D23	363	23.10728278266203	53.6880456189028
D23	364	23.106984292328278	53.68828775578794
D23	365	23.10671468401861	53.688473136506886
D23	366	23.106420568279667	53.688673405046
D23	367	23.106330596305956	53.68871361874845
D23	368	23.10604729731254	53.688892276811764
D23	369	23.105962693558627	53.68897356481578
D23	370	23.105722536887335	53.68914276953195
D23	371	23.1056649472054	53.68916168466439
D23	372	23.105509621188844	53.689269842759394
D23	373	23.10527212374979	53.68942238864802
D23	374	23.10473958994706	53.68970547319038
D23	375	23.104431320012182	53.68984597645053
D23	376	23.104386995717665	53.68988479667897
D23	377	23.10409178897881	53.69003562860816
D23	378	23.103770436032036	53.69018999699197
D23	379	23.103711527912907	53.69034613888618
D23	380	23.103816368567465	53.69093414586248
D23	381	23.103540639989138	53.691064353684176
D23	382	23.102949725942775	53.69063103716052
D23	383	23.101836370476192	53.691141945702654
D23	384	23.10218736385436	53.69141140386947
D23	385	23.101720962243693	53.69163677564131
D23	386	23.101247851979753	53.69127415384243
D23	387	23.09870736074417	53.69282344820792
D23	388	23.097712670886597	53.69357346337945
D23	389	23.097499870207844	53.69367627534834
D23	390	23.0968029307147	53.69426471469051
D23	391	23.096267477634413	53.69492598531226
D23	392	23.09605983014871	53.69517647041887
D23	393	23.095805919316792	53.695579095096825
D23	394	23.09566094023084	53.69580884602533
D23	395	23.09554572546854	53.6960203107524
D23	396	23.09536053264344	53.69636001350754
D23	397	23.095021623632338	53.697053943363876
D23	398	23.094758364165518	53.69783479749209
D23	399	23.095436020704337	53.69754248643182
D23	400	23.095540057557713	53.697619561463306
D23	401	23.094947575988215	53.69802115502277
D23	402	23.094845756118577	53.698864468089454
D23	403	23.095058526975947	53.69909788323475
D23	404	23.09517015139453	53.69941708079078
D23	405	23.095168068487013	53.699761207005665
D23	406	23.094882264108527	53.70028263130684
D23	407	23.094894634385877	53.70046048999799
D23	408	23.094942894768167	53.700653150729906
D23	409	23.095021159428285	53.70096483036566
D23	410	23.09516534433938	53.70142257778643
D23	411	23.095273535155044	53.701405243607375
D23	412	23.09529523990815	53.70142825954263
D23	413	23.094491744333965	53.701710889360115
D23	414	23.094505943016756	53.70173485086118
D23	415	23.094554269731173	53.701825065738774
D23	416	23.094643881110052	53.701991479820414
D23	417	23.09465732259666	53.70201561408535
D23	418	23.094455529117077	53.702056484350834
D23	419	23.094164193311272	53.70187920010109
D23	420	23.09391527197269	53.701965755890384
D23	421	23.093840474370847	53.7018877325501
D23	422	23.09396880067434	53.701842516160625
D23	423	23.09400720238863	53.70175375732844
D23	424	23.093854971973702	53.70141024700768
D23	425	23.093750555044046	53.701278855864395
D23	426	23.093749809064548	53.70127897734393
D23	427	23.09358335949109	53.700922534787956
D23	428	23.09358335949109	53.700922534787956
D23	429	23.0934633932664	53.700475389278196
D23	430	23.09341916301809	53.7004083046722
D23	431	23.093021067466207	53.700341009624076
D23	432	23.093021067466207	53.700341009624076
D23	433	23.092545024773337	53.69970233095839
D23	434	23.09246522424989	53.69942258550063
D23	435	23.092455651068473	53.6992273158996
D23	436	23.092434521447082	53.69904974822384
D23	437	23.09265794664085	53.69875385800843
D23	438	23.09265794663919	53.69875385800554
W1100	0	23.09101403584129	53.694881421194346
W1100	1	23.090974430518692	53.69467899175168
W1100	2	23.090821296261083	53.69468888211025
W1100	3	23.090558288423352	53.694759760525734
W1100	4	23.0906347637638	53.69487850453289
W1100	5	23.090735275421498	53.69490065375805
W1100	6	23.091013978245666	53.6948813827501
W1101	0	23.09123213638063	53.69391863465571
W1101	1	23.091167544192952	53.69393068096327
W1101	2	23.091145559954107	53.69397427506822
W1101	3	23.091181700828095	53.694004472029846
W1101	4	23.09123213638063	53.69391863465571