1549	21.804615691365672	49.621972123242166
1260	21.796977142281975	49.6248667546806
3476	21.849325629407275	49.64923049842678
2715/15	21.82765529860857	49.62170660206221
1261	21.797358409164186	49.62476679225429
2715/12	21.828087431023373	49.62229747085018
2716	21.82770952813121	49.6221053642269
2714/11	21.828839263002077	49.622266778210886
2794	21.83265722952487	49.62841536536527
1564	21.781764884253004	49.62660686638917
1336	21.79012279117837	49.626475851933584
1697	21.788884687023074	49.62406139147254
1641	21.788177640334418	49.6257836544625
1559	21.780288898827624	49.62713291211908
1669/2	21.786118594403458	49.6246484490848
1583	21.78089525947577	49.62566171101646
1656	21.785136196962686	49.62594149250433
1330	21.790708547978948	49.62569059414663
70	21.845240502348506	49.63497317673385
69	21.844803386336288	49.6345290215019
85	21.845348795792592	49.633308394539135
1006	21.858075927544274	49.67042655783343
1047/2	21.86314404877822	49.674098332954834
1002	21.85575279374416	49.66768357366042
963	21.858529318446884	49.67387834989165
1052/1	21.86327088746547	49.674476347737574
1259/1	21.79645901719005	49.62495556342805
2865	21.830053007555076	49.62437904294769
2714/12	21.82825325109293	49.62230199442913
2717	21.82839627200514	49.62229000097055
3070	21.830935077486874	49.62316164286358
1259/2	21.79663500876554	49.62489577044677
2195	21.82424971064032	49.62595865911199
155	21.839565190223386	49.628921576884984
81	21.84645196925193	49.63338346392036
31	21.84882141636756	49.63891045995739
191	21.836984745613126	49.62716004909545
192	21.836916599551664	49.62696820538492
2837	21.835129073307606	49.627621516030395
2836	21.834366520393345	49.62802868178823
2219/2	21.82558759635301	49.624415200594356
215	21.83672867922086	49.623674667086746
960	21.85597275510091	49.670350991622215
4391/4	21.846987452130826	49.67220814354911
965	21.85696745781541	49.67119556477086
1037/7	21.863067378519478	49.67415667686904
927	21.85239033700196	49.667868204117696
71	21.845332268139014	49.634971023065724
4954	21.85138754492119	49.67099965586745
4700/1	21.846100342580556	49.67067671310925
5438	21.851366937898327	49.65815839344283
5040/1	21.851284184685564	49.66056544282458
5424	21.85181645741506	49.65980783246085
5430	21.852631364933096	49.65905380348192
5425	21.851788877267794	49.659720949397155
4830/2	21.847199881102764	49.67091621858581
5427	21.85155980124178	49.659524274382576
4810	21.849698488002897	49.67092924759078
4950/1	21.849390028256078	49.6703397588649
5038	21.851255703705522	49.66095113226422
4953	21.8511164986657	49.67090584054894
1581	21.778969568276672	49.62622678502037
5125	21.854743668419776	49.64428902959526
4789	21.850949357701925	49.67087015750718
5150	21.850323263777934	49.65899861715509
4812	21.8496004016745	49.67057033940944
1576/1	21.77935752996189	49.62667052999228
4811	21.84937568328988	49.670712709959716
1577/1	21.779249852412416	49.62654325565936
1580/1	21.779282648144743	49.62625120396327
1718	21.79120926332132	49.62480543035526
2765	21.829394336491315	49.62425392102048
4831/2	21.846640974960582	49.67035382168579
4132/6	21.85677831206858	49.65824009273772
5426	21.851737641844935	49.65964426623597
4994	21.85126782652363	49.66488501533039
1566/1	21.779557230906967	49.62705277830056
1569/1	21.779587002255656	49.62689274745831
1328/4	21.791775406660946	49.62509527908672
1570/1	21.77961392569502	49.62670674929718
881/2	21.795089856270984	49.62242400646664
4385/1	21.845560180731955	49.67085874169087
1569/2	21.78026186354048	49.6267129944834
1570/2	21.78037462217033	49.62653581408083
1576/2	21.780199250007435	49.62644271641468
1577/2	21.78009943942933	49.62630302603213
1580/2	21.779921984155767	49.62611961870448
3088/1	21.83036648460081	49.62181873793551
3081/1	21.83073070839578	49.62197388749208
1320/5	21.791822655309176	49.62342201825912
1320/6	21.792150440703377	49.62353352296842
1320/7	21.791986801373717	49.6232310320069
1320/8	21.792466656806383	49.62390128439005
1320/9	21.79210035247899	49.623210248194844
1566/2	21.78068350591072	49.626747962681776
3084/2	21.832674009754605	49.618397652941425
2697/2	21.82584310737333	49.62431774944349
862/3	21.85152645732863	49.66993962257266
2332/2	21.816846777350214	49.62098808601888
2723/2	21.826293627153778	49.6242246607881
2723/1	21.8283164924895	49.6237254970361
882/3	21.85240599238035	49.66986553288284
991/2	21.85976367459178	49.673960683547705
1016/15	21.86161420204899	49.6744279016729
1332/2	21.79205573106524	49.6260788703785
32/2	21.848786539641296	49.638747468265244
32/1	21.849895870440474	49.63855859344437
2226/1	21.824927502345616	49.622268642813125
5050/1	21.853483159593022	49.64626367970952
5050/5	21.85418310023208	49.64383453668437
845/1	21.79859466326217	49.62393295163824
845/2	21.80013608071614	49.62316815951613
2870/2	21.830781839288385	49.62352259797677
2894/5	21.837780858267582	49.62924126132405
4819/2	21.847607424695237	49.670651484273336
4833/3	21.846088329569344	49.669776539809675
4834/4	21.846521637491033	49.6696429915198
4834/3	21.84592201445806	49.669584205956546
4835/2	21.84649455668323	49.66951510099019
4835/1	21.845893776772265	49.66944040821534
4836/2	21.846498612690954	49.66940078528333
4836/1	21.84586144326998	49.66932280658494
2225/2	21.82481185819958	49.6234408846675
4388/1	21.847113429822922	49.67152343919532
4706/4	21.848971458623517	49.673588515397306
4706/3	21.846958191752723	49.67109130392743
4819/3	21.84761857867083	49.67128991176648
4819/1	21.847384083906054	49.671306374588454
4829/1	21.84705975772908	49.67041738839567
4829/2	21.847023726325965	49.66999521621502
4833/4	21.846541562495386	49.669861437036474
4424/2	21.832513956387558	49.67271000236328
4424/1	21.845887967819454	49.67078926870925
4385/5	21.846249568898177	49.67094533227904
4385/6	21.845711411610317	49.67094580207398
4386/3	21.846613760394234	49.67105034720552
4387/2	21.846653441192792	49.671332759882766
4387/1	21.84693984887465	49.671329361630335
4388/2	21.846804288427883	49.67168265250738
842	21.795638430843994	49.623827330938965
883	21.79504839800389	49.6221896931703
882	21.79517210864614	49.622195812187115
843	21.796696081733934	49.62397422271587
1566/3	21.779872713626986	49.62696761362311
1698	21.790500212330233	49.62401292008652
1643	21.790921546048473	49.6251717020211
1548	21.784000798618987	49.625330501857285
4698	21.844611079511385	49.66982666347761
1582	21.78095843064544	49.62574531386677
5440	21.850882017720338	49.65790371228904
4385/3	21.845298600597964	49.67093735170537
1324	21.792222404670838	49.62447011844531
1668	21.784998529662882	49.62524398281978
1323	21.792017199604835	49.62437800708335
4965	21.84913897087031	49.668427016244046
1325	21.792326364534894	49.62458041161892
1337	21.79207853579145	49.626044635168654
1549	21.78327863839485	49.62600973525509
1662	21.79069549903285	49.62428583848753
1547	21.783893117617	49.62562171330417
1327	21.792339740058857	49.62484216335222
4809/2	21.849723596710422	49.67138566798926
1328/1	21.791938859947944	49.62517373909646
1665	21.78555518640965	49.62540003731451
1648	21.790062540824607	49.624763491989825
1335	21.792074165373915	49.62596279410584
1326	21.79221928106811	49.62472627326553
1667	21.786047712874986	49.624803860285226
1322	21.792420430124867	49.62418898104793
5024	21.848842263828722	49.659828190675675
1567	21.781648697499698	49.626497995139665
4786/3	21.85100091814955	49.671832173163835
1647	21.790253852776402	49.624876068231345
3356	21.852416683408155	49.656026886685545
2724	21.827225481048668	49.623558091378946
1661	21.790474513771578	49.62453538838368
2874/2	21.83238066420966	49.62443736721651
2719	21.828864798942224	49.62276083445436
4808	21.849402607596346	49.671379705550024
3452	21.852918569379327	49.649962908989245
5031/2	21.84948775243073	49.66196760510731
3389	21.85293620310726	49.653565768955524
2850	21.832096777499654	49.62537798100278
2866	21.830158083073623	49.62415407684357
2715/11	21.827805406183774	49.62233041998928
1300	21.799679357932856	49.62419584958916
5031/1	21.849503548969082	49.66224776468949
4982	21.851527736257157	49.66720182720859
2849	21.832411708706644	49.62562056592541
2383	21.818202934705216	49.621555293260606
1570	21.80570415596083	49.62323506028975
100	21.84380445529536	49.63326458561923
82	21.84593542181019	49.633379776210326
187	21.836944640641306	49.62764540615118
2472	21.820886962220207	49.62189403393815
2714/8	21.828695023903364	49.622624833715626
2694	21.826098338475795	49.62206750753218
937	21.85505068758919	49.67061290198611
966	21.85649037849309	49.6705458834624
179	21.838149162915858	49.62844573633553
4948	21.84915364412976	49.66994009762807
883	21.85186802273593	49.67088349961313
4699/1	21.84495035005366	49.67045964028847
983	21.85824750052523	49.672841883698545
953	21.852813770444843	49.66634663637313
928	21.852726066325143	49.66804318593986
938	21.85499184052149	49.670085831165345
954	21.85197184542856	49.66313038657793
888/2	21.851613627891453	49.66540224534839
980/1	21.85778170774234	49.67206709288607
987/4	21.857482311062995	49.67131085008195
987/1	21.85827817149537	49.672505362251464
988/1	21.858573662514438	49.67270355446861
988/4	21.85764895602928	49.67133973855024
988/2	21.856056213342598	49.66924352596647
987/2	21.856170274535845	49.6695596894848
988/5	21.855057743315168	49.66801187448873
990/6	21.860358228888593	49.674162315208484
990/7	21.86046935981463	49.674579968762174
1009/2	21.86104145165444	49.675280764813884
1010/2	21.861174750717606	49.67483742104187
1012/4	21.861787721253517	49.67536567110562
1016/16	21.861789924557588	49.67495616727277
980/2	21.856487169259825	49.67023721787379
980/3	21.857191902885653	49.67117277273136
992/1	21.859957702642777	49.67359354545579
991/1	21.859388942228247	49.67314610872226
984/3	21.85906887413995	49.673133512273616
984/4	21.859990618039355	49.67499669925362
988/3	21.8597302839403	49.674927372193075
987/3	21.859550061085915	49.67488532456445
990/5	21.860096836519233	49.67444264374151
990/4	21.860110256608976	49.67407630724623
1037/12	21.863006296661393	49.67500533051811
1036/3	21.862452183645978	49.67434703141665
1035/10	21.86126279646837	49.67321590066559
1156/1	21.862092940928687	49.67447739030132
1016/17	21.86112094546512	49.673482574023346
1012/3	21.861103497336526	49.67405525796471
1010/1	21.860672622441275	49.67377742190399
1009/1	21.86034633569043	49.673731875217555
1035/11	21.86102655583625	49.67260014411668
1036/5	21.861753272033994	49.67312808818645
1037/15	21.86242642108882	49.67379723856673
1037/19	21.86295509083338	49.674197437401645
1037/17	21.862749186912836	49.67409803847161
1037/18	21.86297668530395	49.67438812786801
1037/16	21.862988611734902	49.67452439994463
1037/14	21.86278859482857	49.674462363187104
1157/1	21.86213376766521	49.67507149058889
1157/2	21.862496677028854	49.67565375090638
1156/2	21.86277519264084	49.675645966325945
1036/4	21.863079812830634	49.67553754789859
1037/13	21.863244051308275	49.675487632972875
1010/3	21.86017127765408	49.67289356441478
1012/5	21.860099049155632	49.672271282354245
1016/18	21.857260562719862	49.6685719184882
957/12	21.85265415483622	49.665145649132775
957/8	21.856276438526496	49.67052170410635
957/10	21.853993009987605	49.667682178693546
957/9	21.85851616477979	49.674283798629446
1016/14	21.86203222183658	49.675243091124685
1016/13	21.862061084741462	49.675069244233256
1016/19	21.86208450834491	49.675064259231405
1016/20	21.862184036230552	49.675240027646026
971/1	21.85204646693986	49.660342188575605
978/1	21.855023424090582	49.6683771511248
978/2	21.85466617000748	49.66794224622825
968/1	21.854746623643106	49.668361211027126
968/2	21.85344906620108	49.66646990942275
958/2	21.852527051160273	49.66515697057404
958/1	21.852375482876056	49.66492074702834
959/4	21.852862467867567	49.66622767548148
1000/2	21.852379451846353	49.66100585311585
970/1	21.852238545772952	49.66170942248274
957/11	21.85211898672567	49.6618616799544
1018/1	21.852246215001923	49.66018043902224
1018/2	21.85276286059745	49.66140055914314
1019/1	21.852336969563797	49.66017032957237
1019/2	21.852569044900914	49.66043648786371
970/2	21.85232222527526	49.663289076545
5028/2	21.84940881986929	49.6592954506927
5041/2	21.849644663625536	49.65925343689719
4991/1	21.85146702549294	49.665897694254625
4991/2	21.851251667228137	49.66567587566268
4983/1	21.85104174303263	49.66389995859238
4983/2	21.850939820993407	49.66508767432131
971/2	21.85241369796879	49.662550982876674
1000/1	21.85210405315326	49.66039454689546
5029/1	21.849944093162744	49.662246509976896
5028/3	21.849908862476337	49.66045163852678
5028/1	21.850153593696177	49.66187401384239
5041/3	21.850168029672158	49.660463538384114
5041/1	21.850456959905486	49.66141936187933
5039/1	21.850931579189616	49.661171162091755
5039/2	21.85064733918527	49.660626816699825
5029/2	21.8492080824196	49.65932807982179
4980/7	21.85000530753193	49.6654937304147
4995/1	21.849954161034546	49.66288674455354
4995/2	21.84983544732915	49.66422694930148
5002/1	21.84971996005706	49.663056520809704
5002/2	21.849506906785923	49.66358257766589
5032/2	21.849473388372118	49.662708412803646
5032/1	21.849757622369737	49.66265300566277
5029/3	21.849688493726926	49.66045325585357
5045/5	21.851269515621265	49.66014410324309
5040/4	21.85097738316557	49.66051572520704
5040/3	21.851169135197228	49.660686824189234
5004/3	21.850905012261446	49.66330417552935
5004/4	21.85074772147908	49.66330533129231
5003/3	21.85048667046138	49.66262157675847
5003/4	21.850358419505106	49.66391698294401
4980/6	21.85017025618313	49.66290390609459
5042/2	21.850208629137576	49.659649119300205
5044/1	21.850704025732025	49.659202183009576
5043/1	21.850502122490905	49.65920204769726
5043/2	21.850720891378703	49.65989982577146
5044/2	21.850896115649316	49.65969302977141
5045/3	21.850986568639524	49.659378145220074
5045/4	21.851061591446612	49.65969401662227
5045/6	21.85113890781473	49.66007407282488
4008/1	21.853819489314823	49.65843913317311
4008/4	21.854447942480974	49.659008041848644
4970/2	21.850548037989306	49.6678156162046
5025/2	21.849057082937666	49.659666830692636
5025/1	21.848926283874146	49.65937384656006
5042/1	21.849898716499048	49.65922369770235
3978/1	21.853527358782003	49.658737658059025
3978/4	21.855844355986676	49.6613062037107
3979/1	21.85368395517301	49.65859222951828
3979/4	21.853886269019064	49.65881647788775
4705/4	21.845510796865	49.66995461510576
4705/3	21.84560565493602	49.66995383251965
4704/4	21.8455910628691	49.67013858611546
4704/3	21.84586021992501	49.6701949772186
4703/4	21.845688901325452	49.67037354722811
4703/3	21.846068302693272	49.670396896977216
4702/3	21.846126541295327	49.67048670435636
4702/4	21.845707277551057	49.67047951649776
4837/2	21.846397364538202	49.66917367262051
4837/1	21.84582679939067	49.669227926170265
4777/9	21.845403810264294	49.66862217883412
4777/8	21.845491230859228	49.66930231141922
4706/6	21.8387487000625	49.66316627531175
4706/5	21.845744183706113	49.66988344892374
4699/6	21.845034804928016	49.66976112386376
4699/5	21.845342140351473	49.6697107743906
4818/3	21.848460817779415	49.670892599430054
4817/2	21.848060337188315	49.67124931628952
4817/1	21.848082203397766	49.67088053648332
4386/4	21.846546843940597	49.671139630643864
4700/4	21.845471642395324	49.67070454904368
4701/3	21.84611572804554	49.670576386856105
4701/4	21.845682261001137	49.67057757516155
4700/3	21.845995842177675	49.67065472732157
4820/3	21.8475058347094	49.67040185060335
4820/5	21.84772950682311	49.67035781690579
4820/6	21.84774289250268	49.670133328012874
4821/2	21.848156076852447	49.66982588422345
4821/1	21.848083732741422	49.6706743877981
4822/2	21.84845529212052	49.670237765598316
4822/1	21.848461797048323	49.67059033220282
4818/4	21.848453454186387	49.671051763644726
4814/3	21.848682104835007	49.6702780053711
4813/1	21.84909124249044	49.670572545399956
4813/2	21.849097081201144	49.67118875701831
4871/3	21.847147703906987	49.6633990743974
4871/1	21.850106858130392	49.67081610049581
4871/2	21.85098418810411	49.671417593362115
4791/2	21.85023822322162	49.671714407989846
4820/4	21.84751513488218	49.67010433309463
862/2	21.851661337681048	49.67160850185581
882/2	21.85214999326721	49.67107996434576
882/1	21.85265788656129	49.67057173944632
899/3	21.852690217475008	49.66979038170066
899/1	21.85297298837092	49.67053052914973
899/2	21.85336469010215	49.67137489759272
4814/2	21.848746665450857	49.67145986666962
4814/1	21.848764851068424	49.670574938250404
4955/2	21.85068255137497	49.66997999425418
4956/2	21.85134586881767	49.66974964938854
4956/1	21.85132328009614	49.67030461093108
4957/4	21.85106870693067	49.66933158879885
4957/3	21.850990574954682	49.6704432376246
884/2	21.85187223851884	49.66998977136889
884/1	21.851966481084077	49.670335038402825
862/1	21.851552804576336	49.67073295715141
4980/4	21.84997418947956	49.67037512636862
4980/5	21.850097298391084	49.669380985924946
4951/2	21.849790170539237	49.669865921311846
4951/1	21.849786285442644	49.6704248814839
4950/4	21.84950818191758	49.6697325735532
4950/3	21.849470821704006	49.67022649867165
4970/1	21.850265423151953	49.670639685699335
4955/1	21.850747077882076	49.67080222695806
912/2	21.852953881506615	49.669672580191346
900/1	21.853162221314452	49.67043989123179
900/3	21.852686547437358	49.66952577934804
4792/1	21.850598331722594	49.671182010235555
4791/1	21.850153065355013	49.67095212222768
4792/2	21.850658572440214	49.67169693390196
4804/2	21.849771529858636	49.67249612064414
4804/1	21.849935964140773	49.670927504778504
944/1	21.85578330309631	49.671536884772095
944/2	21.856873001792685	49.67413016005245
940/1	21.856286158834703	49.67187476669964
940/2	21.85679551249372	49.673170991583234
950/1	21.85654765703526	49.67184868965459
950/2	21.857052643437612	49.67293188454623
912/1	21.853100079910877	49.6699396843419
900/2	21.85383863186399	49.67189252490728
888/4	21.852443171491583	49.668749958256
887/2	21.851882738684804	49.667978043113145
887/1	21.851712604138978	49.66662368678382
888/3	21.852049154016054	49.66720909652443
924/1	21.854000143664585	49.67016490398831
924/2	21.854805623727405	49.67135721106362
932/3	21.852681312383243	49.66694956980689
932/4	21.855384093382696	49.671790211682335
910/1	21.853637675830388	49.67081467318366
913/2	21.85401323583707	49.67099515732772
913/1	21.853592683463205	49.670353139873704
920/2	21.85447042510126	49.67127727495252
920/1	21.853548940929315	49.66987792972678
926/3	21.85282481023824	49.668954904250135
926/1	21.853200032134982	49.669464629203404
926/2	21.852798867047667	49.66843028742641
964/1	21.857868016376255	49.672661442355704
964/2	21.85802225635716	49.67306569583997
959/6	21.857311603507256	49.67283155213725
959/5	21.857100357194664	49.67235879735253
959/8	21.85326751158782	49.66685456907831
959/3	21.85558773573938	49.67006726764185
959/7	21.8582907247662	49.674644153443516
910/2	21.854332807180448	49.67205374504652
992/2	21.859020685930755	49.6720894246964
1009/3	21.859834233733057	49.67283977876275
985/1	21.858697832443106	49.67339486909117
985/2	21.8588212653668	49.67384354471916
948/1	21.85673107106888	49.67181069112309
948/2	21.857876925963122	49.67464721974752
961/1	21.857312495158208	49.67237044494629
961/2	21.857818978475855	49.67338133112947
993/7	21.857834097866807	49.67089893672466
993/4	21.85682547041875	49.66977419880896
993/5	21.85769933632004	49.67091207394069
982/1	21.85665569411548	49.669762596629965
982/2	21.857438915142353	49.67078636364053
984/6	21.858358539897644	49.67201763457925
984/5	21.858622320093517	49.672405204716924
991/3	21.85879608012834	49.67221450344239
987/5	21.854870959334743	49.66794073451669
981/2	21.855185588572038	49.667942862238924
981/1	21.855919194105685	49.66884076089879
994/2	21.855889529584562	49.66833595421612
994/1	21.856490648421648	49.669067850211185
993/9	21.8580153245406	49.67083020030901
993/8	21.856970951885934	49.66963608681097
993/6	21.856970241962387	49.66985935908949
3414/1	21.853070591584935	49.65195096663999
3414/2	21.85357120158783	49.65219662118837
3423/2	21.854000460802517	49.652060646197995
3423/1	21.853222936822203	49.651777650136665
3422/1	21.852659832580912	49.65144734644339
3422/2	21.852103007858155	49.65122628975439
3428/3	21.852176585533186	49.65087065999637
3428/1	21.852992765452033	49.65119833756959
3408/3	21.850666200090266	49.651397224667555
3408/1	21.852813788668882	49.6523328090821
3408/2	21.854484434135195	49.653216080057184
3412/2	21.854859277245115	49.653023630044075
3412/1	21.85277051905867	49.65203217053916
3412/3	21.85221790897607	49.65183990225063
3415/2	21.851717219564026	49.65132071032321
3415/1	21.852411774323162	49.65166079617319
3397/1	21.852902900273467	49.65300595696426
3397/2	21.853479580823727	49.653230729921795
3401/2	21.85352754600622	49.65303381451738
3401/1	21.853199312650812	49.65284380811171
3402/1	21.852707236572172	49.65262587393983
3402/2	21.852192487738996	49.65241331982871
3403/2	21.851639378046485	49.65211544318333
3403/1	21.852260003751798	49.65230204328315
3510/2	21.850002469266965	49.64718217719526
3510/1	21.850188044517164	49.64785066301474
5048/4	21.85110024716161	49.64770656546608
5048/2	21.851636035485527	49.647926567855855
5048/1	21.852702202757	49.648289364992856
5048/3	21.856404239386933	49.649632040409415
3392/4	21.851274187627524	49.65245235580517
3397/3	21.851190822308073	49.65218303336782
3474/1	21.851477100704756	49.648309665904556
3475/2	21.85129691650895	49.648260321766735
3475/1	21.851022646009646	49.64780600134883
3475/3	21.850752983790073	49.64805800169871
3457/1	21.853118776118677	49.64972009260612
3457/3	21.85130365534588	49.64898150894918
3459/3	21.851769805667132	49.64899269232304
3459/1	21.85287267351411	49.64930899973856
3459/2	21.854021715477327	49.649857305611434
3468/3	21.85499503090878	49.64964708614081
3468/2	21.854825058006583	49.64916516382407
3468/1	21.854432876284864	49.64944383888394
5050/2	21.85503753777985	49.649060862915796
5121/2	21.85504583672404	49.64470599907828
5121/1	21.853922889322586	49.64471689444668
3453/2	21.852115284951925	49.64966602298091
3453/1	21.852636761742108	49.649912292341305
3449/1	21.853612150331266	49.6502233720013
3449/2	21.853993507291094	49.65025733647772
3457/2	21.85546422296231	49.65067031039851
72/4	21.853215527977135	49.64086199163563
73/2	21.85327813311095	49.641074547599196
73/1	21.85240959487845	49.64109794015889
74/2	21.853388690207705	49.641437858408864
75/2	21.85345465786272	49.64166455166446
75/1	21.852587311815324	49.64172745599924
5050/3	21.854899165987085	49.64748520746374
5050/4	21.85216000101054	49.64573341982694
14/1	21.85173927391864	49.64078532570393
15/2	21.8507685039395	49.64053421695049
15/1	21.851613377885148	49.64038588890785
71/2	21.852995965778657	49.64019209675959
71/1	21.85216783126168	49.64029679105989
72/6	21.853149554979698	49.640652202969264
72/5	21.852299186014807	49.64071965585821
72/3	21.8523604883401	49.64093262653953
11/5	21.851941813253525	49.64142918179841
12/2	21.85103711427475	49.64147211768217
12/1	21.851903358121287	49.64131207594336
13/4	21.85098097192299	49.64132205146922
13/3	21.851999243992395	49.64109619497791
13/6	21.850950979415977	49.64120065692067
13/5	21.851812947849094	49.641037050518975
14/2	21.85088244426016	49.64093927250808
8/1	21.85207814894676	49.641876692788614
9/2	21.851165506428625	49.64191294421819
9/1	21.85204175723458	49.641756829281725
10/2	21.851107284037223	49.64177543702084
10/1	21.851997588483652	49.641614093733224
11/4	21.851087388576122	49.64166206096847
11/3	21.85196232799524	49.64150217967411
11/6	21.851045519653567	49.641594300318054
5/1	21.852230088093208	49.64244493940471
6/2	21.851302643581963	49.64242779925012
6/1	21.852185025090204	49.64226228664163
7/2	21.85124034743292	49.642187949698055
7/1	21.852121081106706	49.64202370853864
76/1	21.852724288288826	49.64221560473446
76/2	21.85360779436712	49.6421866594242
8/2	21.85119291669894	49.6420423154841
3/3	21.8524145022605	49.64341479309063
3/6	21.851469188442668	49.64336559492556
3/5	21.8523778624115	49.64318918722141
4/4	21.851444160757023	49.643059875777745
4/3	21.85233493252614	49.64291354295338
4/6	21.8513895639547	49.642810303451974
4/5	21.852276553743323	49.64264632985843
5/2	21.85133065334829	49.642616242616725
18/2	21.85041977303922	49.63959182360981
18/1	21.851216363456096	49.6395278371247
18/3	21.85183518321292	49.63939083546483
19/2	21.850161586311664	49.639031368311336
74/1	21.85251335754443	49.64145707563676
77/1	21.852958335617817	49.643181090661706
77/2	21.853848463960297	49.64311405917848
3/4	21.851523455547127	49.64375598219389
39/1	21.84954135446487	49.63787277776501
1/4	21.850336127717746	49.64144017685035
16/2	21.85064830833958	49.64015811607323
16/1	21.851494340509497	49.640041386785995
70/3	21.852035516037024	49.63992329851666
70/4	21.85285871532511	49.63982048483274
17/1	21.851414948922965	49.63981330743615
17/2	21.85057446911318	49.63996821080461
3946/3	21.853354147744678	49.65882422235824
3946/6	21.859410406298828	49.66504341383034
3947/1	21.853436193141594	49.65878113120982
3947/4	21.854168363744066	49.65958971866065
5429/2	21.85288325654123	49.65917437225344
5429/1	21.85256635975866	49.659144290461356
3945/1	21.85320178939934	49.658887253956195
3945/4	21.853588655400298	49.6592806280783
5420/4	21.850065356239764	49.657834404100896
5420/2	21.851900323224438	49.65883906411184
5420/3	21.853596317782365	49.65979288165863
5421/1	21.852098134089445	49.65983952427848
5421/2	21.852426508356615	49.659834409731175
5420/1	21.851836636628416	49.6601620523578
5428/2	21.852993657189785	49.65940703212454
5428/1	21.85236675579666	49.65949041721365
3344/3	21.853198906206845	49.65697151830108
3344/1	21.852646075116564	49.65676769920976
5149/2	21.848793368400944	49.65915204818491
5149/1	21.849245151102824	49.65921783776468
5151/2	21.84979500036192	49.65873031242301
5151/1	21.850153723441867	49.658726285382315
5439/2	21.85016506144425	49.65827674501195
5439/1	21.850563448267657	49.658512327758736
3335/1	21.85253259644585	49.65714749603758
3335/2	21.852880406164235	49.65726286263371
3338/5	21.850448869768055	49.65578072838041
3338/2	21.852237003416807	49.656760145449326
3338/4	21.853139014612587	49.657254708119616
3338/1	21.85342397352594	49.65751827214129
3338/3	21.853491874066332	49.657422907710206
3344/2	21.853570686223474	49.65722329229545
4101/2	21.85439592525935	49.65717071793947
4926/2	21.85622088024021	49.653181896469285
3322/2	21.851470427298292	49.65750995011271
3322/1	21.852035825129605	49.65750713971383
3323/2	21.85119867150883	49.65705390377376
3323/1	21.8517091558581	49.65716407650919
3335/3	21.851154562784938	49.656401105505
4061/1	21.853985559421464	49.657835050406376
4061/3	21.855137082812746	49.65866985158874
4064/3	21.85689899937288	49.659655279855336
4099/2	21.853723313597932	49.65737655698771
4100/1	21.853806922310827	49.65717883928862
4100/2	21.854490456250385	49.65757213558809
4101/1	21.8539423086502	49.65691851610725
4009/1	21.85382573566126	49.65826626391676
4040/1	21.853920719690176	49.65809188603323
4040/3	21.855251466296608	49.65917250491971
4060/1	21.853958995537965	49.65796742640667
4060/3	21.857407578076177	49.66082148824853
3365/1	21.85283677302571	49.655218663391416
3371/2	21.853868073647334	49.65523466619384
3371/1	21.85258752612094	49.65458931633065
4039/1	21.853891493137937	49.65820966990548
4039/4	21.855292871197516	49.65937280704885
4009/4	21.854456323463264	49.65880656276343
3361/2	21.853659726494264	49.65603305983979
3361/1	21.85246252953847	49.65540948378688
3361/3	21.849709977526203	49.65396467506986
3363/2	21.85113961071798	49.65454381495684
3363/1	21.851948796227255	49.654913138500774
3364/1	21.852554856615956	49.655279051666504
3364/2	21.853641586905113	49.655842476539426
3365/2	21.853763965782523	49.655557656701355
3345/2	21.85368726877828	49.65696967208136
3357/2	21.853776528313816	49.65679520160208
3357/3	21.853411487354744	49.65655902439342
3357/1	21.852888133353993	49.65623939902516
3355/1	21.85187421952245	49.6556514231805
3355/2	21.851330511271836	49.65544438353737
3358/1	21.852926249691013	49.65603275541728
3358/2	21.853522552790913	49.65624992033845
3391/1	21.852661129956495	49.65312431699409
3392/3	21.852213530242107	49.65292129437498
3343/2	21.851576866327097	49.65619932556113
3343/1	21.851886828335903	49.65616296637101
3346/2	21.85166039350127	49.65590710570082
3346/1	21.85221516201692	49.65616055022151
3345/1	21.852866248343805	49.656502481755595
3345/3	21.853258483325735	49.65672398341506
3380/1	21.853076043514324	49.65414759032482
3381/1	21.852323125682233	49.65358165830483
3381/2	21.85191258552888	49.653546554243455
3388/2	21.85186556583655	49.65309056387851
3388/1	21.852270627571777	49.653127192082486
3390/2	21.854066900996735	49.65413471073431
3390/1	21.85324979144024	49.65385762677972
3391/2	21.85410917019354	49.653842568496366
3372/1	21.852633765427655	49.65442154764543
3372/2	21.854218444617	49.655226102254375
3372/3	21.851666041104476	49.65392759917325
3377/2	21.851340847936903	49.65351281392941
3377/1	21.852082539423144	49.65389922278014
3378/1	21.85264599457058	49.654182769002446
3378/2	21.85404875600401	49.65490531103256
3380/2	21.853429833477094	49.654105419012424
3436/2	21.85457811525934	49.65125512012893
3440/2	21.85404524089362	49.650802086012824
3440/1	21.853013033590795	49.65035974292892
3440/3	21.852248056065054	49.65004063549595
3366/1	21.85215301262249	49.65463252878407
3366/2	21.85060418626161	49.65393477544699
3370/4	21.851293946528397	49.653930335551856
3370/3	21.852059071952098	49.654336848855685
3428/2	21.85389038144523	49.65159248805358
3432/2	21.854297561429394	49.65142151662272
3432/1	21.853411518953305	49.65111805673021
3431/1	21.85274449281772	49.650736906131115
3431/2	21.851104576206623	49.64999577003066
3437/2	21.852105177635543	49.65016829240363
3437/1	21.85302066964185	49.650562273126916
3436/1	21.85360350131711	49.65079707105999
1654/1	21.78663693621833	49.62531410294251
1653/2	21.78712365026257	49.62554615683379
1653/1	21.786956657411142	49.62526305918792
1652/2	21.78746801015729	49.62548127650507
1652/1	21.78730558421588	49.6251924384546
1651/2	21.787808267725886	49.62536746234391
1651/1	21.78768440119409	49.625126693701525
1646/2	21.788561670064993	49.62525110347554
1658/3	21.787893205519907	49.62406135479686
1657/5	21.78588018939812	49.62565275093649
1657/4	21.785840940434273	49.625515801475636
1657/7	21.786290596609366	49.62555478525856
1657/6	21.786283056618686	49.62539941203902
1657/9	21.78647556991497	49.625517156665566
1657/8	21.786403411292934	49.625383263398625
1654/2	21.786841709130194	49.625714288138504
1671/3	21.78466516371858	49.625103676789344
1671/4	21.785068913441584	49.62426784287005
1670/1	21.784847237110604	49.62512424783396
1670/2	21.785376694929724	49.62423886954931
1669/4	21.785641187893543	49.62479951627698
1669/5	21.786426882145125	49.62462419027037
1658/2	21.785056371629153	49.62569232971781
1658/1	21.78656972390537	49.62507879285
1642/2	21.78791991540102	49.62570704471849
1642/1	21.7905639274505	49.62509407213281
1644/2	21.789412158069496	49.62524121582874
1644/1	21.790322279805142	49.62500180200169
1673/4	21.784589779775995	49.62438070200756
1673/3	21.784386827494505	49.625087579279175
1672/3	21.784502351718963	49.625078613877996
1672/4	21.784795102242807	49.62431281541045
1695/2	21.787461318040386	49.62444249142719
1696/2	21.788660452428392	49.62419694312709
1696/1	21.789552044192988	49.624128012512806
1649/3	21.789603310465434	49.623776845003796
1649/1	21.789806656263213	49.62456417981049
1649/2	21.789045959449403	49.62534298258663
1699/2	21.79034686900579	49.62366440807686
1699/1	21.7908154640792	49.62375562262329
1345/1	21.79156107834062	49.62677548169373
1344/4	21.791521323515283	49.626445841886536
1344/3	21.79179384134357	49.62644708051059
1338/2	21.7904031148841	49.626537645742346
1338/1	21.792001256415737	49.62615571891233
1401/2	21.78926525527148	49.630790872380345
1401/1	21.793033701584818	49.62484330126648
1695/1	21.788538283324517	49.624383277625995
1331/2	21.791858363753214	49.62541297891198
1329/2	21.790469946706402	49.62550712596912
1329/1	21.791570661085352	49.62532588200681
1332/1	21.791571267040165	49.62529984640088
1332/3	21.791795029952503	49.62567601965036
1346/2	21.790219430361017	49.62694164542572
1346/1	21.791436360817787	49.62697406554206
1345/2	21.790676633039457	49.62674982937457
1317/2	21.7927240371687	49.623098795948465
1316/2	21.791640016338118	49.623159086123366
1316/1	21.79337955970941	49.62316187920785
1315/4	21.79222147760556	49.622648506286886
1315/3	21.793630329753736	49.62278627820263
1333/2	21.79207686977085	49.625680340995736
1333/1	21.792363566868946	49.625521740693955
1331/1	21.79229857246671	49.625282192524516
130/4	21.79467021655193	49.62201182288528
130/5	21.79471638326736	49.62140086764545
1321/1	21.791561489937635	49.62395607817749
1321/2	21.791479807415037	49.62356333218093
1320/4	21.792160449398228	49.62385446432361
1319/1	21.792625919638336	49.623614432352525
1319/2	21.792336366683067	49.62306548245294
1317/1	21.79329989542252	49.62361242344183
1315/6	21.79238152157107	49.62196079139716
1315/5	21.79415190928386	49.622357475565956
1315/4	21.79238732005698	49.62194051998875
1315/3	21.79414029946336	49.62233278259352
128/1	21.79344750364211	49.62215549255914
128/2	21.793815355326984	49.62160311752931
129/2	21.794133329922303	49.62161460433636
129/1	21.79379975985385	49.62221642542805
1939/1	21.794806141478162	49.622152152110125
1939/2	21.80507505401154	49.60715398014364
892/4	21.795254495311244	49.621816058843514
892/5	21.795675771487	49.62155792965923
884/1	21.795114530960188	49.62203084707114
884/2	21.796836888397593	49.622584638409634
880/1	21.795404730850215	49.62270342400252
880/2	21.795689883320502	49.6224283811549
857/1	21.797564281516088	49.6234423098134
857/2	21.79945063567036	49.62227860802909
856/1	21.79771883207405	49.62345527225985
856/2	21.80027504123254	49.6218819000854
855/3	21.797904870625505	49.62347709926888
855/4	21.798608463923046	49.62303290463609
854/3	21.798064527987503	49.62349865825538
854/4	21.798301394664932	49.623343848510146
879/1	21.795804819559674	49.622902047395684
879/2	21.796164946640083	49.62263961609897
878/1	21.796248714492936	49.623122892754346
878/2	21.79661894798174	49.62285674883034
877/1	21.7968435810303	49.62333559374941
877/2	21.797104569670093	49.62302411683049
876/1	21.797299246771658	49.62342179065647
876/2	21.797621774774395	49.62316294078317
850/1	21.79886004162854	49.62343688226312
850/2	21.801326073234662	49.621905651537276
849/1	21.798990900464812	49.623454592354776
849/2	21.80105016675278	49.62218464576672
852/2	21.800518648509506	49.62223125868584
853/1	21.79821453618557	49.62353084900702
853/2	21.80049976545554	49.62211561883819
852/1	21.798368773842828	49.62356256080261
1299/6	21.794153364148304	49.62707680436019
1300/1	21.793945188831106	49.627104668321714
846/1	21.79582283282815	49.62316313752306
846/2	21.801958900862182	49.622159201370025
848/1	21.799105887598472	49.623447908999395
848/2	21.801478616411163	49.62220699238494
851/1	21.798816091977276	49.62338062664326
851/2	21.7999045563906	49.622702631548215
1257/1	21.795983793143304	49.625005679589684
1257/2	21.796266740700418	49.625174399483456
1301/5	21.79218131962684	49.62734698839034
1301/3	21.79400576518183	49.62670424961798
1301/6	21.795514673160625	49.62647026297411
1301/4	21.791817867369954	49.627110830717626
1300/2	21.792535122964626	49.627463079637025
1299/7	21.79534665695782	49.62685028979892
21/5	21.85022984155194	49.637869207308064
33/2	21.84873872598292	49.638601386196115
33/1	21.849856847048727	49.63847120917049
34/2	21.848648619395913	49.638447341606685
34/1	21.84977757819363	49.63830193459132
36/2	21.84854087994337	49.63829266187256
36/1	21.849704807892707	49.638161431205546
39/2	21.84838376912701	49.63800112789081
77/2	21.847035332071286	49.63548729750745
19/1	21.850859686917357	49.63902026029527
19/3	21.851632864513803	49.6388707054977
20/2	21.851457095479997	49.638431891196845
20/1	21.850582144504834	49.63857212171191
21/3	21.850455932896278	49.63828396026068
21/4	21.851322852105934	49.638124996731754
21/6	21.851068698391224	49.637685229539926
63/1	21.84816613464263	49.635945337191494
64/2	21.84694184334675	49.6359578068637
64/1	21.84808410706318	49.63587809441982
65/2	21.848704043531868	49.635790376627355
65/1	21.84789173877962	49.63583917488541
65/3	21.845886850645623	49.635951312751025
77/3	21.847901150903297	49.63496914210163
77/1	21.847093613085466	49.63491930397219
57/1	21.848439231510884	49.63621587981518
58/1	21.848394780160323	49.63613892041519
58/2	21.847235549066834	49.63626039245121
59/2	21.847219599720294	49.6361777389783
59/1	21.848347466291948	49.63606719725975
62/1	21.848283767934475	49.63600449609198
62/2	21.846904513764244	49.63614767358788
63/2	21.846870929689477	49.63607306191548
52/2	21.847434068792552	49.63675290801831
53/2	21.847498666685595	49.63662551488075
53/1	21.84864112944122	49.636504163150185
54/1	21.848586121382887	49.6364277757617
54/2	21.847455713398084	49.636547689933515
56/1	21.848511046472368	49.63632042353857
56/2	21.847383522765288	49.63643447115589
57/2	21.8473104227643	49.63633218411262
29/1	21.84902619677868	49.63589425353705
1/3	21.849530228525612	49.6372366844793
1/5	21.847285713552104	49.633896016514576
47/1	21.84890432373212	49.636894279237154
47/2	21.84816367599733	49.63697083335089
51/2	21.847670952654326	49.63686262809636
51/1	21.848799883650194	49.63674290250888
52/1	21.848703612740547	49.63660495360737
25/4	21.850498757293284	49.63681068709995
26/2	21.850310449723562	49.63652023904882
26/1	21.849463128643713	49.63668215349077
27/2	21.850162730878804	49.63630115786629
27/1	21.84931891325686	49.63646093244795
28/2	21.85001890312218	49.63601492357982
28/1	21.84916530410193	49.63617850050202
29/2	21.849847352719777	49.63574044716898
22/2	21.85089760816497	49.63739879216631
23/2	21.850789105128495	49.637235038308006
23/1	21.84993468672318	49.637402853033
24/1	21.849841461463242	49.63725795898318
24/2	21.85069761782502	49.63709049184218
25/6	21.850650230012384	49.63700321423387
25/5	21.849784733032166	49.63717488585206
25/3	21.84964713617382	49.636960495432724
79/1	21.845490169111127	49.63370866960382
83/1	21.84559366396791	49.63330701091103
83/2	21.846075363900585	49.63299390123181
40/1	21.849284605195994	49.63746269889554
40/2	21.84816928659009	49.63764127115499
46/2	21.847915451551746	49.637234674738416
46/1	21.84905404670628	49.637115325509754
22/1	21.850041825008013	49.63757277713507
73/1	21.845283320174488	49.63407592460575
73/2	21.84583531935323	49.63515370544157
72/2	21.845514288192753	49.63504963162992
72/1	21.84507271124352	49.63410178515698
78/2	21.84455398801061	49.63398971009374
78/1	21.845598517834503	49.63388659180693
78/3	21.846925809134625	49.63392342257467
79/2	21.84636976823489	49.63378789007802
3359/2	21.849210057931778	49.65397104030227
3359/1	21.85237079200958	49.655641699178204
76/1	21.84624632890961	49.63447001694826
76/2	21.846839691971617	49.63553161995778
75/2	21.846517728700945	49.63539765776367
75/1	21.84592734654644	49.63430464967102
74/1	21.84562520710102	49.63416779761422
74/2	21.846192411763713	49.63526781048964
1627/1	21.784645555995084	49.62541785065549
1627/2	21.784957044632982	49.62679711446455
1544/2	21.784556707560878	49.62580456357809
1544/1	21.784623723687133	49.625644144081626
1546/1	21.784159986948232	49.625607901802915
1546/2	21.783593436608186	49.626065872200904
1543/2	21.784029854314117	49.62599129718922
1543/1	21.784313207436913	49.62575680322192
1573/1	21.782244806502124	49.62603201168868
1573/2	21.782670151163376	49.62415941298771
1572/2	21.782953137835243	49.62472636995852
1563/2	21.783361040331208	49.6245786615992
1561/2	21.78333646815807	49.625211765420154
1556/2	21.783767954998428	49.62505562354047
1555/2	21.78404005103763	49.62507751959563
1627/3	21.78342546690841	49.622923901521084
1516/2	21.783204740368788	49.62752275675791
1550/2	21.783049519729254	49.62655273040399
1550/1	21.782888024086052	49.6265538226435
1555/1	21.783165883697663	49.62598221867785
1556/1	21.783067690884568	49.625895931568735
1561/1	21.78276824189293	49.626011748760625
1563/1	21.78256574505676	49.62597742007282
1572/1	21.782409492786254	49.625938057768536
1518/1	21.780710456339612	49.62631073138556
1502/3	21.779775501104933	49.62508955324669
1518/3	21.77979970269377	49.62507217080508
1584/2	21.78174563269131	49.624731877672595
1584/1	21.7818130230723	49.6257749286743
1574/1	21.78202737117412	49.62582392528035
1574/2	21.782248435059714	49.624166939124734
1516/1	21.781913199855914	49.62600273540587
1646/1	21.789193341084097	49.625111741160744
1650/2	21.788491061811765	49.62513522963046
1650/1	21.788771904132652	49.62491364509905
1565/2	21.7803243203036	49.62699109648477
1565/1	21.780999024947253	49.626778205250815
1502/2	21.782323064653706	49.628260520909826
1518/2	21.782309708206697	49.62818467489238
1502/1	21.78067559425256	49.62632517362808
2440/2	21.818337421103816	49.62243500778313
2440/1	21.818517698572226	49.62197235969888
2442/2	21.818731161391902	49.622612241271
2442/1	21.819091513506443	49.62178931761182
2444/2	21.819424161783	49.622316540502126
2444/1	21.819578542895517	49.62198553539208
2445/1	21.819773583018556	49.62157938469163
2445/2	21.819819590850432	49.62109934177959
2471/2	21.82062684956783	49.622440966167815
2471/1	21.820793540448072	49.62217641211469
2307/2	21.817320302250213	49.6226078238107
2307/1	21.81757429932752	49.621875080051005
2303/2	21.817859583057977	49.62221507120751
2303/1	21.817902863472415	49.62192396790386
2382/2	21.818158502005147	49.622194795389866
2382/1	21.81820827474722	49.62187464725624
2508/1	21.82293235820951	49.62188737976466
2510/1	21.8227264166979	49.62224833914849
2510/2	21.822601070360857	49.62252492110411
2473/2	21.820054670392526	49.62286709982806
2473/1	21.820663536887213	49.62168340954928
2473/3	21.82164688872188	49.619716022993124
2474/2	21.82138330334134	49.62086040281372
2474/1	21.821102527565625	49.62144790136801
2494/2	21.82173192357684	49.622401970387386
2509/2	21.82212455657915	49.622815282142426
2509/1	21.822385496453546	49.622212770825946
2506/1	21.82263172069836	49.62160267535629
2507/1	21.82266980600601	49.621878950167456
2506/2	21.822827563855846	49.62122164604857
2507/2	21.82297513676768	49.62125112448592
2508/2	21.823205451127073	49.62130950777112
2690/1	21.825223203182112	49.622276606201375
2484/2	21.82105047610728	49.62263474978574
2484/1	21.821276606024995	49.622114628727516
2483/1	21.821541078855113	49.62149644830981
2483/2	21.82187072632757	49.620799485177606
2495/2	21.82235046015926	49.62106214821162
2495/1	21.822109774810396	49.621581430712716
2494/1	21.821948367493665	49.62192220038161
2518/2	21.82368296892392	49.62109345297388
2517/2	21.82403646717973	49.62123053626319
2517/1	21.82382024155454	49.62166642831602
2516/1	21.824217615657318	49.62175450773563
2516/2	21.82471449761804	49.620933696305606
2689/6	21.82510254412673	49.62133830863247
2689/5	21.824936015894703	49.621870511334684
2690/2	21.825577596440628	49.621401281857665
2689/3	21.82470849320405	49.62188292270865
2238/3	21.824660690388317	49.621502546758606
2238/1	21.824215588189006	49.622072430313885
2513/2	21.823288707983938	49.62254206294335
2513/1	21.823387794746264	49.62202490927378
2514/2	21.82367728961814	49.622570006075456
2514/1	21.823860863831783	49.622226019019095
2518/1	21.823481704731886	49.62153256494275
2235/2	21.82409495063383	49.62285567312308
2234/2	21.824121858832452	49.62307533314981
2233/2	21.824314312071582	49.62298399911887
2232/2	21.824406374265607	49.62313656525822
2231/2	21.82449441333513	49.623291992418494
2227/2	21.824487557213946	49.6236063975179
2226/2	21.82557747288223	49.62348749022395
2689/4	21.824890685756834	49.62122350839124
2231/1	21.824862445520612	49.62255046249437
2232/1	21.82474812717114	49.622474441335136
2233/1	21.824685639725114	49.62226852272245
2234/1	21.824564927498695	49.62220171865315
2235/1	21.824386849886526	49.62224992457404
2236/1	21.824299106740103	49.62209606878171
2238/2	21.82314000479196	49.62441968153818
2236/2	21.823922403793485	49.622833522407085
2721/1	21.82661139029186	49.622881612332236
2697/3	21.826193456061116	49.623550310035114
2697/1	21.826548454374826	49.622498557767265
2697/4	21.827106269923977	49.620942079281264
2698/2	21.827156562721864	49.62117101310064
2698/1	21.826707140734797	49.62235683650281
2225/1	21.825058282244683	49.62265292319927
2227/1	21.82497375638359	49.62253505749585
2715/26	21.827393086798853	49.62220321010483
2715/27	21.827677081343715	49.62218319620352
2722/3	21.826689598626274	49.62377480228279
2691/2	21.825678964570642	49.62314237720433
2691/1	21.825727297054637	49.62261928920724
2692/1	21.82625878645435	49.62276588625253
2692/2	21.826029904891033	49.62338818453022
2721/3	21.826344863282937	49.623586275933945
2729/3	21.82705954646185	49.62443121999882
2729/1	21.827363239051994	49.62447472870721
2753/4	21.827653671540777	49.62466570839313
2706/1	21.828648953138348	49.622924008856266
2706/2	21.82902859845822	49.619432572558196
2721/2	21.826056373106443	49.62419272433975
2722/2	21.826323484784243	49.62413906973509
2722/1	21.826970937218697	49.623244789389865
2751/1	21.828640152988942	49.624316645135316
2756/2	21.828939940905446	49.62449064989902
2756/1	21.829129038839163	49.62400445328913
2731/2	21.826583972342387	49.62471835552529
2731/1	21.825911334514615	49.624496605816965
2730/1	21.82599903957932	49.62442692240283
2730/2	21.82668443869714	49.62451536572559
2729/2	21.82629266462651	49.62429849102217
2874/3	21.832163223837302	49.624362319596976
2874/4	21.832520926456425	49.623969589815566
705/3	21.82940401787767	49.62391081124762
705/4	21.829566427800646	49.628143115517695
2867/2	21.82967189221547	49.62430651289403
2867/1	21.829891473590806	49.62384271112493
2752/3	21.828079306820847	49.62473855607317
2751/2	21.828433740548853	49.624774910138335
2869/1	21.830329677530425	49.62340481122886
2870/1	21.830471284017722	49.623775340193376
2872/2	21.830645020898043	49.62475452390735
2872/1	21.831172721148747	49.62462543441923
2871/1	21.83104786423087	49.62409652892856
2871/2	21.831501756329192	49.623784803018154
2873/2	21.832043112072874	49.62375879332903
2873/1	21.831645194631463	49.624358219281056
2713/3	21.829320587846762	49.62058225244745
3071/1	21.83022008577253	49.6230986591851
3071/2	21.83052032706373	49.62305276004619
3072/1	21.83070901996442	49.622490717026636
3072/2	21.830924693976108	49.62254366001534
3073/1	21.830904660320982	49.62223142561822
3073/2	21.83125286844346	49.62203339718473
2869/2	21.832305555726546	49.62351875663756
1258/4	21.798611735010443	49.629917957172054
1301/8	21.79208552192915	49.62696486009991
1301/7	21.793507253200122	49.62650355223691
1301/9	21.79559950427629	49.62605785238485
1302/1	21.793823647962373	49.626084160415154
1302/2	21.795733773058252	49.62566259108631
1303/1	21.79396124943883	49.625620000625204
1303/2	21.795877242202824	49.62523961634661
1294/1	21.797957057717007	49.62435524565165
1296/2	21.799124951097532	49.624803527222696
1296/1	21.798895976964467	49.624546456354636
1298/1	21.799178562672502	49.62455534110666
1298/2	21.79941851597036	49.62483027438953
1299/1	21.799500806730016	49.62450289646646
1299/2	21.800379353290257	49.62556092400062
1258/3	21.79591864861401	49.62500864521454
1536/3	21.801322045285307	49.622980523488586
1294/2	21.79835189261912	49.62488250443984
1262/2	21.79763607392	49.624673342196985
1262/1	21.79755260573871	49.624453976057424
1263/1	21.797697562967766	49.62441669509744
1263/2	21.797831266427828	49.62462955550399
1295/1	21.798338490655308	49.62437437619744
1295/2	21.79883137847801	49.62491170241804
1543/1	21.804703729212335	49.62298165894335
1543/2	21.803328456462943	49.6221709264911
1544/2	21.803668797469236	49.62224256740939
1544/1	21.804860438703226	49.622934036551705
1546/1	21.805050969269576	49.62285969767256
1546/2	21.80449335663573	49.62255061175745
1536/2	21.801645696177612	49.62480875879412
1536/1	21.801415342123292	49.62394686398799
1539/1	21.80398761316381	49.623298203135484
1539/2	21.802824622449805	49.622598883274186
1540/2	21.803077354395914	49.6226198348009
1540/1	21.804191721196545	49.62327273215575
1541/1	21.804402406066718	49.62320980890647
1541/2	21.803209575961592	49.622506923644565
1542/2	21.80332592225191	49.62235680620369
1542/1	21.804495275479063	49.62303764349536
1572/2	21.806923318495073	49.6239331504607
1512/3	21.80197706599478	49.62292127202746
1512/1	21.80302847316638	49.623789162839905
1512/2	21.806396642969347	49.62694275909455
1537/2	21.802278288523137	49.62275094685352
1537/1	21.803496022627154	49.62359929226006
1538/2	21.802627693311294	49.62259979921071
1538/1	21.803882589128392	49.623377431564705
1567/2	21.80628931277136	49.62221562327372
1572/1	21.80722711955059	49.623452574661854
1568/2	21.804587677564736	49.624605499293644
1568/1	21.804196413629935	49.62386463480326
1569/2	21.805478664632133	49.62411882250319
1569/1	21.80488922275941	49.623705564299165
1571/1	21.806725281029376	49.623421094474985
1571/2	21.806600636006955	49.623687448199746
1565/2	21.80807080024806	49.623458198229685
1566/1	21.806744441740268	49.6230523838648
1566/2	21.809590883784498	49.62553171497117
1547/1	21.805336089565614	49.62283977574217
1547/2	21.80409307220099	49.62207295672381
1548/1	21.80558037651836	49.62273957003539
1548/2	21.80434981443931	49.622013265418516
1567/1	21.80453998076389	49.62345666901205
1562/2	21.808514425463752	49.62205367138168
1563/1	21.808312655432307	49.62274790474899
1563/3	21.80911015039116	49.62202851317489
1563/2	21.807665897066336	49.6234720389017
1564/2	21.807857865363797	49.623471059100595
1564/1	21.808648297147037	49.62283858167813
1564/3	21.809624813448504	49.62202203749555
1565/1	21.809119517960212	49.62268719285359
1558/2	21.807613443781772	49.62197363841497
1559/1	21.80697252182078	49.62271728540871
1559/2	21.807717126284874	49.621998362062634
1560/1	21.80701686507688	49.62285100024748
1560/2	21.80799330722315	49.621898468207355
1561/1	21.807370073345655	49.622761451082106
1561/2	21.808226421176375	49.62194445292605
1562/1	21.80749894695923	49.623002658556
1618/1	21.81002313673755	49.62227187793457
1555/1	21.80610029454948	49.622686315705366
1555/2	21.806828533842754	49.62193680477898
1556/1	21.80638383268993	49.622688027676475
1556/2	21.807290091632165	49.62186515878086
1557/1	21.806644910895425	49.62273076354509
1557/2	21.807670339812827	49.62176170748329
1558/1	21.806816926092214	49.622729564820396
2330/2	21.817368746679193	49.62110053193053
2330/1	21.81709992305914	49.621667165011964
2329/2	21.81677691801809	49.622449625211566
2329/1	21.816798851772667	49.62210616035625
1616/10	21.81371758052846	49.62484520613197
1616/9	21.81292727291271	49.62221128208006
1616/11	21.813445182097603	49.62004819818723
1618/2	21.809748585679063	49.62182879049981
2335/1	21.816320356718872	49.621820446440736
2335/2	21.815918138788575	49.62477491201334
2333/2	21.816164138149546	49.622717993696654
2333/1	21.81646726492661	49.62183020067037
2332/1	21.81668606925919	49.62136854255307
2331/1	21.816782978185167	49.62173679585334
2331/2	21.81648668560175	49.6224924058162
2331/3	21.817090092581246	49.62105623583501
2371/1	21.81770736724941	49.62124403387914
2371/2	21.818271589865947	49.61987161683799
2306/2	21.816976662552396	49.622851276878535
2306/1	21.817458398951754	49.621518291292965
2346/2	21.81590897720032	49.62251037141457
2346/1	21.816216129987165	49.62166998283318
2346/3	21.816535726107734	49.620907240375516
2335/3	21.816724666687886	49.6209392224644
2438/2	21.819462010087705	49.62096222957383
2438/1	21.81925346310289	49.62142984499771
2384/1	21.81835029327016	49.62122847565884
2384/2	21.818587153148556	49.62073687811906
2381/2	21.81793144994258	49.62117420242198
2381/1	21.817894002704545	49.621369366110464
2347/2	21.815679815536825	49.61956350238214
2347/1	21.817651814117863	49.62122428444861
2463/2	21.820663874540006	49.62105829124536
2463/1	21.82049561457985	49.621404232856584
2466/2	21.819969093504312	49.62245857529868
2466/1	21.8200448274658	49.62208289742851
2437/2	21.820252105097193	49.620502633609135
2437/1	21.818588513686812	49.62137587685377
2439/1	21.818733955825707	49.6215634980595
2439/2	21.819025887519995	49.6210350480411
103/2	21.84469590180478	49.632064547971645
103/1	21.844286054802527	49.63249348287318
96/3	21.844585703070372	49.632410235446024
96/1	21.844528144333427	49.633088058414295
95/3	21.844829242923446	49.63241713564392
95/1	21.844743681379573	49.63325791603787
94/2	21.84506395307455	49.63231242065715
94/1	21.845010550256212	49.63299907055301
4099/1	21.85381226420292	49.65753065071903
4099/3	21.854703420644388	49.65794840098642
98/1	21.84413541431708	49.63329841019187
98/2	21.84386459475479	49.63368114551758
96/2	21.844055584735482	49.63366208418602
95/2	21.84428870965349	49.63387551492732
106/1	21.843946141621746	49.6321610587944
106/2	21.84423834603425	49.63202427492898
2753/1	21.827706246706136	49.62438141377433
4064/1	21.85394895153057	49.657685111670816
2728/2	21.826556613356434	49.624191626505564
2728/1	21.826985240487833	49.62430217779384
2713/1	21.829427580932748	49.62253209634313
2752/1	21.828228564459053	49.624391885273894
3087/1	21.830164110033397	49.621913525184794
2714/28	21.8292704206093	49.6225487782249
70/2	21.85282755268581	49.63958553203609
30	21.849706198323187	49.635560881445734
1669/3	21.78604419814247	49.624596082064784
3093/1	21.829605629655664	49.622295008269866
3093/2	21.829588617388072	49.62202861062589
3092/1	21.82997300548964	49.62184084727338
3092/2	21.82998789284991	49.6214481996277
2714/30	21.82833812447556	49.62248369766855
2714/32	21.82879384616435	49.62246209245167
2714/31	21.829278212393685	49.62245862369776
3080/2	21.831392887728622	49.621106766572176
3080/1	21.830987492096963	49.62137574737227
3081/3	21.83101402940791	49.62171931680738
3081/2	21.830742697985453	49.621723871902745
3088/3	21.830419382762585	49.621529763810415
3088/2	21.830672609518246	49.6215394566503
3094/4	21.82942275217304	49.62233183664675
3094/5	21.829362802629873	49.62213170209981
2858/4	21.830498874938	49.6255806227334
2858/3	21.831920304828824	49.62454035144393
2858/5	21.832942102761155	49.623939314755454
2852/3	21.83299948628622	49.62394555585629
2852/1	21.8317985525867	49.624633033469415
2852/2	21.83125144219124	49.62635117593794
2875/2	21.833146251936995	49.624138904278276
2875/1	21.832616151589054	49.62451610618168
2848/2	21.832199387445392	49.62602380480454
2848/1	21.83310929005629	49.625731947828754
2878/1	21.833196694718115	49.625445421837306
2878/2	21.832636406517647	49.626590837703255
2876/1	21.832642824628	49.62501950486219
2876/2	21.833418253493107	49.62478544120477
2851/1	21.831933497777896	49.624652340482655
2851/2	21.831385291232156	49.625754412625774
233/2	21.835122180219106	49.625405695952814
232/1	21.834828129407658	49.62620580159868
232/2	21.83551719776701	49.625349343950305
230/1	21.835060592450592	49.62636624866357
237/2	21.833504795251496	49.62438535362116
237/1	21.83381284628978	49.62569860308512
2847/2	21.832500234267133	49.62621478738916
2847/1	21.8332739618724	49.625941127772194
239/2	21.83423069710291	49.624670742640006
238/1	21.833923517539784	49.62559278070826
238/2	21.834508009380933	49.62479256220348
236/1	21.834194584637903	49.625653321348985
236/2	21.83446637089638	49.62531470641467
234/1	21.834370340925904	49.62586669101549
234/2	21.83512018848193	49.62493862683617
233/1	21.834606908254944	49.62603142551765
2880/2	21.833347375399423	49.62664547303398
2880/1	21.83418022650862	49.62638433007884
229/2	21.836107258222818	49.62593967219777
229/1	21.836420771951918	49.62779310736411
230/2	21.835331367638773	49.62614390408904
240/1	21.833647638217347	49.62507939781849
240/2	21.834114722024307	49.62432858283115
239/1	21.833768651544958	49.62538546430548
183/2	21.83776205165867	49.62806534930395
180/2	21.838062918464004	49.6283340071459
2894/7	21.834030553272182	49.62729538698328
2894/3	21.835379364046467	49.62716013510712
2894/6	21.836245171422902	49.62944164349385
2894/4	21.836166938607555	49.62807436375106
2877/1	21.833614954436953	49.625823082175536
2877/2	21.83351446238386	49.626265711871284
185/1	21.837079162216973	49.62805864458757
189/2	21.837158368956167	49.627386153444064
189/1	21.83709848252181	49.62753562694478
188/1	21.837113148579046	49.62762238247954
188/2	21.837302905491626	49.62763121597946
184/1	21.837196760747563	49.62781227087522
184/2	21.83744948233652	49.627790481012106
183/1	21.837361302728027	49.62805790799833
2895/3	21.838150547322744	49.629517063931786
154/3	21.837909684778438	49.62806697841534
154/2	21.83926466621975	49.62910795461409
154/1	21.83929615949386	49.62914346902508
180/1	21.83753764457855	49.62832216262685
190/1	21.836940750412992	49.62752669646947
190/2	21.836934410634658	49.62733957626722
185/2	21.837060266037533	49.627376117523575
152/3	21.83950404869241	49.62928259470102
152/5	21.83981594366366	49.629155525242865
603/4	21.83921432890967	49.62930843382911
603/3	21.83794171033205	49.629781228498906
603/5	21.840628248068427	49.633666339870246
2895/4	21.83567234108361	49.63045965910197
153/4	21.841567376650307	49.62740849717863
153/3	21.83856092709314	49.62939234204928
113/2	21.84312537437935	49.63131110224939
112/1	21.84255033086487	49.63185358752927
112/2	21.84334922334613	49.63148755595131
99/2	21.843072846934508	49.630610792578686
99/1	21.844435131249348	49.632888307956165
603/6	21.840236514228277	49.62983635102344
603/2	21.839712586077578	49.63017262719748
152/4	21.839629372397393	49.62912365353248
124/2	21.842578164710652	49.63090357281956
120/1	21.84186791706168	49.631365392432315
120/2	21.84270041916234	49.63099449006645
119/1	21.841968612020548	49.63148357773421
119/2	21.842838859006157	49.631089335695776
118/1	21.842174728413926	49.63156750135512
118/2	21.84297687458466	49.631196278325696
113/1	21.842285035185295	49.63170189175724
135/2	21.841877649504642	49.630379766747
129/1	21.840854436725586	49.63103781047213
129/2	21.84205354513123	49.630496910551166
128/1	21.84121576809917	49.631096779864684
128/2	21.842227506312593	49.630647158277604
125/1	21.841304438053953	49.631290764737514
125/2	21.84243463267596	49.63080076115997
124/1	21.84174595501874	49.63126898714122
107/2	21.84385636090057	49.63187001672029
138/1	21.840524307390673	49.63061628566637
138/2	21.841647422141634	49.629997352582656
137/1	21.840261712021675	49.63084092073605
137/2	21.841710424321622	49.63015218430795
136/1	21.84066154703356	49.6307703990908
136/2	21.841710128481534	49.63027537521584
135/1	21.840379798463246	49.631069985929294
93/1	21.845221018011088	49.633123825071564
93/2	21.845276762351542	49.632598292442715
89/2	21.845596538102928	49.63259595721899
89/1	21.84535127848287	49.63306919248604
603/1	21.842433410394904	49.63229067932932
108/2	21.843683954380975	49.63168487163574
108/1	21.84292939413282	49.632059529651514
107/1	21.843221620612248	49.632288312983434
2695	21.82621265242588	49.62173682434501
3458	21.85059348616092	49.64845832204991
1301	21.800529247635836	49.62515228598539