271	0	21.826889819982167	49.623984726550006
271	1	21.82624829756012	49.62403561525527
271	2	21.825944869895693	49.62413255495931
271	3	21.82582821960158	49.6241427387188
271	4	21.82580254775205	49.62423715678861
271	5	21.825767051741185	49.62438910306188
271	6	21.825900254130637	49.624391839510565
271	7	21.825868099166655	49.624454832252184
272	0	21.83097855281354	49.621313093110416
272	1	21.831063729420798	49.621340806112144
272	2	21.830997517576026	49.62143533659319
272	3	21.83070989160366	49.62185777175215
273	0	21.830422401967578	49.62179176579821
273	1	21.83083506054939	49.62126637611153
273	2	21.830899360720956	49.6212873153077
273	3	21.83097855281354	49.621313093110416
274	0	21.825868099166655	49.624454832252184
274	1	21.825906444841984	49.62446328081529
274	2	21.825844047385292	49.624514080506096
274	3	21.825907304863122	49.62453871657832
274	4	21.825977858810397	49.62447913653134
274	5	21.82618708913889	49.62432855807493
274	6	21.8262185984758	49.62433381824565
274	7	21.826494479437255	49.62426944527997
275	0	21.838122380031482	49.629595452250534
275	1	21.836642095949347	49.63015862052184
275	2	21.836680090431326	49.63020276581507
275	3	21.837067727342028	49.6300588810846
275	4	21.837399682964207	49.6300101722282
275	5	21.838139365186123	49.63000445979523
275	6	21.8383882371098	49.62996246405479
276	0	21.789746026882195	49.625444492823114
276	1	21.789800550714933	49.62540086996659
276	2	21.789901927722756	49.625352881062845
276	3	21.79000883896411	49.625356107957025
276	4	21.790095403880883	49.62539364271805
276	5	21.790290858436364	49.62539410697124
276	6	21.79049226850116	49.625403342260185
276	7	21.790646620289927	49.62532729600477
276	8	21.790764782468703	49.625358589911215
276	9	21.790895287054084	49.625416954822164
276	10	21.791053856425837	49.62542189595201
276	11	21.791256812975988	49.62536421983533
276	12	21.79134787274205	49.62524337611658
276	13	21.79123930197388	49.62509494310531
276	14	21.79120338061413	49.62502217463075
276	15	21.791151498821012	49.624861304973585
276	16	21.7911153989571	49.6247518508584
276	17	21.791080909212337	49.62463069629591
276	18	21.79111460145241	49.62453164539931
276	19	21.79115332206982	49.62448669118909
276	20	21.79121014994135	49.62442308995785
276	21	21.79121515055882	49.624338712031175
276	22	21.79127420339993	49.624190302214124
276	23	21.791176485637106	49.62405375412897
276	24	21.791158030542903	49.62404237065937
276	25	21.79104870307572	49.6239752291355
276	26	21.791011006945237	49.62390391141622
276	27	21.790995274467	49.62380420913725
276	28	21.791027569244424	49.623704358531285
276	29	21.790991986063	49.62360964749786
276	30	21.79096450229151	49.623562088442355
276	31	21.79084529190956	49.62356838792426
276	32	21.79086149991464	49.62369749039942
276	33	21.790222078408924	49.62385462878628
276	34	21.789813219317068	49.62388133733192
276	35	21.789862402799713	49.62397838373147
276	36	21.789826215993106	49.62399175875771
276	37	21.789804461160408	49.62406734897831
276	38	21.78971969455803	49.624080965474114
276	39	21.788926139831354	49.62422530054152
276	40	21.788481602817086	49.624280032387354
276	41	21.788490541493662	49.624310723701655
276	42	21.786975521197558	49.624564622433326
276	43	21.78690609929818	49.62453416231032
276	44	21.78595833579136	49.62474750362889
276	45	21.78594049897675	49.624714264892255
276	46	21.785319831019482	49.624851556606735
276	47	21.78531261183647	49.624798553556325
276	48	21.78520484807902	49.62489720597595
276	49	21.784888553538085	49.624956808897686
276	50	21.784652477966898	49.62500390808214
276	51	21.78442704160662	49.62504985566971
276	52	21.78434260197163	49.62506679299514
276	53	21.78425059198876	49.62508638918521
276	54	21.784191445718523	49.62504066157079
276	55	21.784118550493563	49.62511282051615
276	56	21.783824406317766	49.625172810002546
276	57	21.783459342835037	49.62524703626878
276	58	21.78312283115866	49.6253150436904
276	59	21.782846243123974	49.625365110787556
276	60	21.78266484476639	49.62539529111896
276	61	21.782068525295372	49.625524218137905
276	62	21.78189185553076	49.6255731583107
276	63	21.7816271804534	49.62562395129484
276	64	21.781542000995376	49.62551689373782
276	65	21.78031607831883	49.62588420861422
276	66	21.780276445110427	49.62589005070675
276	67	21.7802409554284	49.625895325347585
276	68	21.780221945993887	49.62590111833943
276	69	21.77943746008009	49.6261402811723
276	70	21.779555289700294	49.62635924894915
276	71	21.779640025623525	49.62651675528996
276	72	21.77970907521924	49.62664541341523
276	73	21.779774267625324	49.62676654431276
276	74	21.77984644902561	49.62690057637501
276	75	21.779522128088463	49.626987553908
276	76	21.779656810836208	49.62710012425554
276	77	21.78022315756981	49.6269476732301
276	78	21.780354922705282	49.626912166444875
276	79	21.7806757598895	49.62682386128685
276	80	21.781188952109286	49.62682759295138
276	81	21.78121072850176	49.62682169121186
276	82	21.781111184302876	49.62673397287976
276	83	21.781147599170417	49.62671727206396
276	84	21.78118662362343	49.62669929476653
276	85	21.782252926741222	49.62641631409097
276	86	21.782291037849856	49.62640184941792
276	87	21.782329043990888	49.62644133663025
276	88	21.782475586176655	49.6266026493988
276	89	21.782599648676314	49.62673453071206
276	90	21.78270615158333	49.62685034525667
276	91	21.78308865599793	49.62625717283231
276	92	21.783189225784863	49.62610650818673
276	93	21.783221990373693	49.62612121301999
276	94	21.783350166913475	49.62618158037749
276	95	21.78361709133761	49.62595165026871
276	96	21.784030826166468	49.62585659245299
276	97	21.784426885642024	49.62577289275488
276	98	21.784682674661763	49.625720535061696
276	99	21.78468289318971	49.625751375683
276	100	21.784800544236905	49.62575102776416
276	101	21.78479999852654	49.625725674399604
276	102	21.785019737919292	49.62566097172589
276	103	21.7855203216506	49.62559580204382
276	104	21.786104590111638	49.62546684914232
276	105	21.786354874811153	49.625425315362634
276	106	21.786483114431576	49.625403493162814
276	107	21.786814134186617	49.62534711280188
276	108	21.78716423251592	49.62528934290634
276	109	21.78752455732965	49.62523060319586
276	110	21.78792826303427	49.62518397589039
276	111	21.788653518641855	49.62507769903895
276	112	21.788942829608608	49.625070242722266
276	113	21.788955698650412	49.62508714965236
276	114	21.789039988114485	49.62506958055167
276	115	21.789051165311935	49.62506743623987
276	116	21.7891576094116	49.62507606222462
276	117	21.789145342298767	49.62513926876767
276	118	21.789191186121382	49.62515810893654
276	119	21.78921835910343	49.62516934336651
276	120	21.789187626191623	49.62520336230604
276	121	21.78955249880075	49.62511787942208
276	122	21.789919120678157	49.625174904578415
276	123	21.78985541759528	49.62533566425772
276	124	21.789746026882195	49.625444492823114
277	0	21.839261017113508	49.62913877826016
277	1	21.839287832946702	49.62916870665671
277	2	21.839331223638137	49.629148160346574
277	3	21.83931809330674	49.62913323910096
277	4	21.8393078432853	49.62912151090243
278	0	21.85488103332953	49.648967828889596
278	1	21.854934415252096	49.6488054913926
278	2	21.85481932050425	49.64852004048083
278	3	21.854542955696964	49.648301420398205
278	4	21.854214512948797	49.648161323128726
278	5	21.85396847724792	49.64786334955604
278	6	21.854004805698175	49.647026928695496
278	7	21.85400914479338	49.646079694190426
278	8	21.85400353173982	49.645703426223065
278	9	21.85395424812376	49.644904682997335
278	10	21.85397748640836	49.64452325662598
278	11	21.853893385950812	49.64416429231542
278	12	21.853652367317807	49.64358177833844
278	13	21.85338297852699	49.642754264770346
278	14	21.853214283799808	49.64232407837274
278	15	21.852960120223322	49.641756945851526
278	16	21.85291401108857	49.64164596623238
278	17	21.852767041620993	49.64130967399989
278	18	21.852590965744625	49.64093987640922
278	19	21.852566270887756	49.640889523966194
278	20	21.852401451288262	49.64052189114294
278	21	21.852106035329456	49.63998590243719
278	22	21.852007061395554	49.63986038500071
278	23	21.85199910427277	49.639793184376394
278	24	21.85199521062878	49.639760482625775
278	25	21.85197881212577	49.63962212851312
278	26	21.851877094458004	49.63964086073841
278	27	21.851610572962027	49.639220833061366
278	28	21.85120886308849	49.63862268071097
278	29	21.851005383901803	49.638323758165505
278	30	21.850813254969676	49.63808014176909
278	31	21.850391710428404	49.63759012465184
278	32	21.850266731369786	49.63744159767717
278	33	21.850116250271533	49.63726763099124
278	34	21.850021046807125	49.637159258610595
278	35	21.84997291105782	49.63710620029513
278	36	21.849659842370304	49.6367624011424
278	37	21.849481589847432	49.63656759644795
278	38	21.84928295031951	49.636338861830886
278	39	21.849108050424842	49.63601023287635
278	40	21.848966396812326	49.63577811241976
278	41	21.848893854862453	49.63580229297991
278	42	21.84855597466365	49.63582239404012
278	43	21.8485125693865	49.63577847215072
278	44	21.84727418567004	49.63463945926555
278	45	21.84646609085096	49.63398500712876
278	46	21.846437960312286	49.63396749880666
278	47	21.84598205602444	49.633623205221575
278	48	21.845976474282487	49.633500776650884
278	49	21.846107606503722	49.6334704149151
278	50	21.84613030803619	49.633286455036675
278	51	21.84579520899817	49.63337028016005
278	52	21.84559142210482	49.63324228577246
278	53	21.84524683450491	49.633473825224115
278	54	21.84466466993171	49.63386508448995
278	55	21.84451591163964	49.633965080360156
278	56	21.84455176540332	49.63397291150073
278	57	21.844841336497538	49.63394589122547
278	58	21.84487733961221	49.63396235337593
278	59	21.844898273023325	49.634004012827184
278	60	21.844912899525124	49.63403321959625
278	61	21.845150082983945	49.63417095235066
278	62	21.845627607405213	49.63439666826757
278	63	21.84598835671609	49.63464229836765
278	64	21.846386265529162	49.63492290382949
278	65	21.846769307760557	49.63520019974366
278	66	21.847508168078082	49.63577288088176
278	67	21.8474211975223	49.635827288917326
278	68	21.847294858469873	49.635831001092996
278	69	21.847231881376697	49.6358559198764
278	70	21.847142814483078	49.635861337332145
278	71	21.847146776656224	49.63590617778807
278	72	21.847167432489947	49.63593965624717
278	73	21.847371914212417	49.63597115994652
278	74	21.84755852315988	49.63603381609394
278	75	21.84767314188418	49.6360966393909
278	76	21.84775353126094	49.636165557943286
278	77	21.847825313593344	49.63624110353804
278	78	21.847897005608125	49.636311434462876
278	79	21.848018405489814	49.63644578306186
278	80	21.848097816506176	49.63652208187521
278	81	21.84815958431198	49.636594913140826
278	82	21.84828078728179	49.63671784322548
278	83	21.848422847698373	49.63686184115289
278	84	21.84856350647774	49.63701277291908
278	85	21.848834344255764	49.63729304235775
278	86	21.84918258075497	49.637684782193304
278	87	21.849515863011362	49.63810000956161
278	88	21.8496424800669	49.63823926368136
278	89	21.849778903604193	49.63840892812327
278	90	21.84987237355587	49.6385369156867
278	91	21.849905944002373	49.638580369739245
278	92	21.849922364196107	49.63868851131447
278	93	21.850010077272422	49.638676627525655
278	94	21.850039939450255	49.6388490521813
278	95	21.850104105576616	49.638836621856335
278	96	21.85038895739833	49.63921290779325
278	97	21.850552532290003	49.63941483251948
278	98	21.850829267013328	49.63983343876576
278	99	21.850929523917657	49.63999302695586
278	100	21.85108826486756	49.64025891861995
278	101	21.851302952418163	49.64066017589765
278	102	21.8514768807953	49.64103448717053
278	103	21.851543506958375	49.64115502767956
278	104	21.851602731961563	49.64126402308031
278	105	21.851697665805528	49.64145152451812
278	106	21.851717625068478	49.64149238059967
278	107	21.85176908100894	49.64159253111635
278	108	21.85182656841577	49.64170504600791
278	109	21.85190767922518	49.641869989462656
278	110	21.8519425614089	49.64194076852886
278	111	21.852037624236406	49.64215137781735
278	112	21.852135802586137	49.6424055746382
278	113	21.85217281730979	49.64251122637117
278	114	21.852271107525656	49.6427955449883
278	115	21.852334324695583	49.643014031514376
278	116	21.8523848544053	49.64337027684655
278	117	21.852427813512417	49.64345942960828
278	118	21.852455906691628	49.643704340968256
278	119	21.852467161994483	49.64379381705591
278	120	21.85251299033307	49.64378556677537
278	121	21.852785329619817	49.64511543579147
278	122	21.85284253246428	49.64538566946502
278	123	21.85298155903259	49.64644748317911
278	124	21.85298978494666	49.64737790012027
278	125	21.852866327222454	49.64754821620798
278	126	21.85266226562273	49.64765474409058
278	127	21.851850682554353	49.647816906681015
278	128	21.851660725624956	49.647858947316905
279	0	21.851242246744697	49.64795455184788
279	1	21.851200006609595	49.648194809250604
279	2	21.851181020644997	49.64832744382878
279	3	21.85123945075992	49.6484698049272
279	4	21.851198950728175	49.64852180585222
279	5	21.851390290300746	49.648590625398164
279	6	21.851489059293996	49.64867963778259
279	7	21.8519528824412	49.64892772796117
279	8	21.85223941219728	49.6491420531941
279	9	21.85250378612781	49.64940392792609
279	10	21.852581486718716	49.649570963959725
279	11	21.8525964571853	49.649754107713775
279	12	21.852552697329862	49.65007139279867
279	13	21.852531443263338	49.65025795042481
279	14	21.85250720575276	49.65044021391845
279	15	21.852457291107328	49.65078577866277
279	16	21.852410729893755	49.65110928863777
279	17	21.852350963096494	49.65150141369914
279	18	21.852321243739034	49.65171878568745
279	19	21.85229492544028	49.65191680014476
279	20	21.8522508202174	49.65223831370304
279	21	21.852239923724124	49.65233604540244
279	22	21.852205361384737	49.65255372273088
279	23	21.852172065465894	49.652772559659866
279	24	21.85213865309717	49.65298474345922
279	25	21.85208520709872	49.65332664721491
279	26	21.852032107622044	49.65368050753253
279	27	21.85196404576428	49.65401829257406
279	28	21.851982911958036	49.65402795486576
279	29	21.85196539492968	49.654143179407434
279	30	21.851929234764153	49.65438847330876
279	31	21.851865551130505	49.65481848237737
279	32	21.851837717500942	49.65500922437281
279	33	21.8518174195215	49.65514766829302
279	34	21.85176291297584	49.65552428808961
279	35	21.851732528836763	49.65581494819306
279	36	21.851728394069138	49.65598276642824
279	37	21.85170524649425	49.656346836633126
279	38	21.851679318449804	49.65657542018207
279	39	21.851655885797616	49.656780336813796
279	40	21.85158579248368	49.65734338203714
279	41	21.851541441512676	49.657675147516464
279	42	21.85145548816083	49.657869194128956
279	43	21.85090188265961	49.658235904747876
279	44	21.85077010684709	49.65816943426294
279	45	21.850700794949624	49.65817416968845
279	46	21.85066198426287	49.65825205441158
279	47	21.850373956734522	49.65829625192847
279	48	21.850107845891962	49.65842975662799
279	49	21.850000250724786	49.65858250863026
279	50	21.849946713577502	49.65879313084504
279	51	21.849974023549123	49.65894552188614
279	52	21.849742238810368	49.65898238122201
279	53	21.849691682172185	49.658990395297195
279	54	21.84971232948786	49.65903861987276
279	55	21.8487194717199	49.65924641969875
279	56	21.84876620814638	49.659361172645
279	57	21.848791597172465	49.65941925364379
279	58	21.849086619440556	49.65938651834851
279	59	21.849363162434425	49.65934258813967
279	60	21.84948956991803	49.659323407380285
279	61	21.84983391463449	49.6592595562219
279	62	21.85016918066112	49.659175539059255
279	63	21.85018752641472	49.659218834937356
279	64	21.85038085362543	49.65918477487677
279	65	21.850461304049407	49.6592547699357
279	66	21.850657465319728	49.65933560429968
279	67	21.85081515726392	49.65942652211515
279	68	21.850913069902013	49.65948110241969
279	69	21.851077246192144	49.65961018753961
279	70	21.85119013413546	49.65977678576254
279	71	21.851198350223054	49.659818987004385
279	72	21.851207511198623	49.65985182978733
279	73	21.851236159131545	49.65994567381027
279	74	21.85122258302422	49.66010438963949
279	75	21.851235891533616	49.66018440907688
279	76	21.85120896083224	49.660347808911986
279	77	21.85118629226603	49.66035058318768
279	78	21.851064102622683	49.66036550862704
279	79	21.851155363487088	49.66059448933895
279	80	21.851135925127366	49.66079038451863
279	81	21.850950986348487	49.6608133242124
279	82	21.850901104851076	49.660820434664394
279	83	21.850984982987605	49.66111852704946
279	84	21.850643456661203	49.661225521695535
279	85	21.850194369801656	49.66137637604203
279	86	21.850084068967004	49.66143779085171
279	87	21.849947086946546	49.66157385380551
279	88	21.84978268512074	49.66179787813803
279	89	21.849784487726282	49.661845701469794
279	90	21.849794059534936	49.66208508377659
279	91	21.84980309689536	49.6623892112001
279	92	21.849758260048965	49.66239178821373
279	93	21.849700178475892	49.66260424188465
279	94	21.8496978705625	49.66294100297793
279	95	21.849673660023846	49.66295871471173
279	96	21.849626155941138	49.66298316139916
279	97	21.849636794760222	49.663132707433995
279	98	21.849802701039724	49.66312996133791
279	99	21.84988330031415	49.66312865043678
279	100	21.850078770168917	49.663049705961946
279	101	21.85024236850251	49.66304967372882
279	102	21.850557471076367	49.663047179695106
279	103	21.850629790495873	49.66305564027429
279	104	21.85088478008463	49.66308532811083
279	105	21.850893664622102	49.66352325500549
279	106	21.85098542286007	49.66428077196244
279	107	21.851102682667292	49.66484028104339
279	108	21.851112690159592	49.66504863811674
279	109	21.85112573966836	49.6653201853868
279	110	21.85121125013085	49.66532225436492
279	111	21.851444394788782	49.66602837706336
279	112	21.851603190428584	49.66638751188387
279	113	21.85161146416549	49.6664408624953
279	114	21.851777030617207	49.66680678105011
279	115	21.851849231483673	49.66709371865077
279	116	21.851967021630372	49.667428786722745
279	117	21.85217610340965	49.667565182817654
279	118	21.85222024928718	49.66776861271631
279	119	21.852359416109234	49.66794724508895
279	120	21.852569372352708	49.66832371578817
279	121	21.852688638081435	49.66829891934267
279	122	21.852838569968263	49.668562174855786
279	123	21.85296535194477	49.66885626281909
279	124	21.85295688903135	49.66887143142447
279	125	21.852888900346944	49.66893685319353
279	126	21.85319515108025	49.66942411203958
279	127	21.85318573139469	49.66951131222308
279	128	21.853003249200675	49.66954188004589
279	129	21.853098405652624	49.669714811163125
279	130	21.852994669982955	49.66984352902037
279	131	21.852920805289013	49.669834451861185
279	132	21.852953442869627	49.66989445667521
279	133	21.852802363560578	49.6699382805928
279	134	21.85267179266489	49.670085359267
279	135	21.852234266050907	49.67022813329774
279	136	21.851546402935075	49.67027680412925
279	137	21.851500139128863	49.670277414092126
279	138	21.851146106886016	49.67029062726239
279	139	21.850832712448078	49.67029841542409
279	140	21.850733429798936	49.67030157267186
279	141	21.850521133361465	49.670124284839446
279	142	21.850358987326466	49.67008977815518
279	143	21.850088899044096	49.670125930187595
279	144	21.8499115716611	49.670150430762035
279	145	21.849650118390876	49.67010172550834
279	146	21.849583980997963	49.670098793879276
279	147	21.849283659960548	49.670085530986
279	148	21.84926422391976	49.67017873889127
279	149	21.849245521054154	49.67019470166578
27A	0	21.849245521054154	49.67019470166578
27A	1	21.848950523589544	49.67007340708469
27A	2	21.848838007099307	49.6701360956724
27A	3	21.84874190760386	49.67040178906664
27A	4	21.84858032361032	49.670383640888964
27A	5	21.84833550762695	49.67035153553312
27A	6	21.847844074173125	49.67028724654199
27A	7	21.84762449789946	49.670256483488906
27A	8	21.847396980476073	49.670223170505466
27A	9	21.846803146635935	49.67014191253577
27A	10	21.84681461598097	49.670100286448026
27A	11	21.846634924518696	49.67002858680479
27A	12	21.846415631400617	49.66991023905381
27A	13	21.846302121525827	49.66967629225071
27A	14	21.84617816902011	49.66953512732153
27A	15	21.846150850086055	49.669413847440296
27A	16	21.84604248273096	49.66929253032026
27A	17	21.845966188054877	49.669207125913125
27A	18	21.84568795320965	49.669124904908266
27A	19	21.845128373952598	49.669108668817216
27A	20	21.84487442831542	49.66922085160705
27A	21	21.84505787592297	49.6693897281602
27A	22	21.845049910961286	49.66947376989891
27A	23	21.84521309911453	49.66962472048861
27A	24	21.845454304549428	49.66987248266916
27A	25	21.84548027292469	49.66986797699046
27A	26	21.8456857370048	49.67003588252075
27A	27	21.846015177999615	49.670354214303245
27A	28	21.846102258019116	49.670438281004316
27A	29	21.84606624213696	49.67053448688176
27A	30	21.846035500626872	49.67061527819832
27A	31	21.845998446936502	49.67063569059234
27A	32	21.845946022900442	49.67066457765548
27A	33	21.845315315168467	49.67074219712841
27A	34	21.84531657025487	49.67085458570887
27A	35	21.845337108586016	49.670856503895166
27A	36	21.845335926004495	49.67087620461254
27A	37	21.845799682123097	49.670870300466014
27A	38	21.846399560679796	49.671020037068715
27A	39	21.846601259688974	49.67108231460032
27A	40	21.84677833890752	49.67119485625316
27A	41	21.84700957460976	49.6714659768753
27A	42	21.84713344904935	49.671610198672454
27A	43	21.847222858397824	49.67158086064498
27A	44	21.847498938379786	49.671490270969954
27A	45	21.84753572021815	49.67147813256212
27A	46	21.84740348518987	49.671315269389396
27A	47	21.84745059073894	49.67126735793508
27A	48	21.847360081331956	49.67113763890369
27A	49	21.84737835183309	49.6708814181753
27A	50	21.847382829618525	49.670748396387395
27A	51	21.84783272260566	49.67079788523797
27A	52	21.847833899294862	49.67084166678748
27A	53	21.847828671574288	49.67093944614918
27A	54	21.848063120721985	49.67097279743994
27A	55	21.84814418027429	49.67091753348524
27A	56	21.84832824912186	49.67094585814396
27A	57	21.84858744467079	49.67098406249757
27A	58	21.848949835779575	49.67102888304248
27A	59	21.849237089	49.671039275348875
27A	60	21.849237530512063	49.67111237561118
27A	61	21.84938817783594	49.67111495733024
27A	62	21.84955878459164	49.67111802184703
27A	63	21.849558171554666	49.67109078112846
27A	64	21.849609763125642	49.67110964510366
27A	65	21.849866748724693	49.67120379193447
27A	66	21.849862287750693	49.671162462300444
27A	67	21.849861468425292	49.671115441091985
27A	68	21.85002267703671	49.671119832755316
27A	69	21.850243771441473	49.671110206844745
27A	70	21.850305628738994	49.67123312041678
27A	71	21.850538914225123	49.67124723274761
27A	72	21.85053550090498	49.67118656302889
27A	73	21.85063343973524	49.67120157930463
27A	74	21.8507393098958	49.671258259275994
27A	75	21.850758358738226	49.67124625012216
27A	76	21.850890968394697	49.67133465446009
27A	77	21.850929048302106	49.67131755993218
27A	78	21.851069726205267	49.67148719083371
27A	79	21.8512409088754	49.67154698702932
27A	80	21.851576139279615	49.67160701536323
27A	81	21.851625479928558	49.671615914073904
27A	82	21.851589076828848	49.67114977604572
27A	83	21.85158370237494	49.67111969296918
27A	84	21.851626160711596	49.671115334397115
27A	85	21.851766081350835	49.6710510927604
27A	86	21.853071372016593	49.67096541323345
27A	87	21.853316056547754	49.670926294322065
27A	88	21.85356877521774	49.67091085408178
27A	89	21.85381540623261	49.67090382057148
27A	90	21.854097886613197	49.6709185520862
27A	91	21.85439905475809	49.67095607417414
27A	92	21.854728556389304	49.67102126099474
27A	93	21.854997680658613	49.671119712851066
27A	94	21.855254716380603	49.67123192093739
27A	95	21.855403482391413	49.67148268302297
27A	96	21.855600616524267	49.67144193233846
27A	97	21.85587787300287	49.671632488239794
27A	98	21.85593033029592	49.67173208956621
27A	99	21.85643387252013	49.672018982143996
27A	100	21.856481263563712	49.672050912270294
27A	101	21.857000601222676	49.67240053838264
27A	102	21.85708733513149	49.67245573565396
27A	103	21.857242264103355	49.67255188033116
27A	104	21.85733303661242	49.67260821645725
27A	105	21.85761784156172	49.672786033827165
27A	106	21.857889165054722	49.672945607059376
27A	107	21.85829296490774	49.67318485444712
27A	108	21.858337319492215	49.67326455288572
27A	109	21.85841857829926	49.67340997770027
27A	110	21.858606525858793	49.67337441536014
27A	111	21.858737079095334	49.67341570882948
27A	112	21.858969860570273	49.67353420296767
27A	113	21.85919830256819	49.67365012120805
27A	114	21.859629990495026	49.67385939407792
27A	115	21.860054061487205	49.674060809109484
27A	116	21.860133451467142	49.67409205048177
27A	117	21.860448394947557	49.674233579817184
27A	118	21.860464742066092	49.67424128123087
27A	119	21.860830798834336	49.674413271649094
27A	120	21.861231337224357	49.67461539681489
27A	121	21.86167848898882	49.67485979497027
27A	122	21.862018995415784	49.67505166383791
27A	123	21.862081694636714	49.67508698452199
27A	124	21.862125586157738	49.67510868771397
27A	125	21.8622086143825	49.67514961174191
27A	126	21.86252473884623	49.67519266621804
27A	127	21.86279407811863	49.67523058341821
27A	128	21.863029083895945	49.67522316735496
27A	129	21.86316051580669	49.675219670032625
27A	130	21.863115103676492	49.675143398222055
27A	131	21.8630404658747	49.67473887303487
27A	132	21.863056678666222	49.674715463386725
27A	133	21.863096043448444	49.67459099295368
27A	134	21.86321131661464	49.67448097301595
27A	135	21.863204396161787	49.6744657385088
27A	136	21.86288576329431	49.67431983815569
27A	137	21.862846019789515	49.67432894628666
27A	138	21.862509347391434	49.67416573518237
27A	139	21.862442361684256	49.674036841796024
27A	140	21.862176797244643	49.67360073783648
27A	141	21.862084039754983	49.67344820778832
27A	142	21.861747011782672	49.67335063740681
27A	143	21.861675610360606	49.67322258569044
27A	144	21.861522562614017	49.6732570841096
27A	145	21.861232468310487	49.67317301044659
27A	146	21.861114047562836	49.67315977396734
27A	147	21.860782468702357	49.67315090954015
27A	148	21.86049580321091	49.6731825332894
27A	149	21.860171622369027	49.67315320070315
27A	150	21.85975702775593	49.67296232607736
27A	151	21.859245942077653	49.67265787994146
27A	152	21.858738647521577	49.672355921142724
27A	153	21.85824114675194	49.67205901287026
27A	154	21.857935513901353	49.671847002568796
27A	155	21.857676979328996	49.671689492741535
27A	156	21.857231102412193	49.67141233942926
27A	157	21.856850350678414	49.67085928296119
27A	158	21.856739959584317	49.6707191079674
27A	159	21.856813912134882	49.67049646273796
27A	160	21.856874119900432	49.67038263031983
27A	161	21.85692082158993	49.67028076702558
27A	162	21.856995337970933	49.67003509841626
27A	163	21.857010591074257	49.66997276209894
27A	164	21.85702682252972	49.6697453286255
27A	165	21.856967827982608	49.66949444371665
27A	166	21.857069967107755	49.669464734089594
27A	167	21.856911214087127	49.6692686283458
27A	168	21.85658239943908	49.66886337178165
27A	169	21.855955116683205	49.66857334819643
27A	170	21.855776688554116	49.668518827757175
27A	171	21.8554607865435	49.66843034454058
27A	172	21.855316423932756	49.6683906779895
27A	173	21.85511720771607	49.66833568065659
27A	174	21.854778295865977	49.66823846359187
27A	175	21.854437438169956	49.66814081030317
27A	176	21.854189890683923	49.66807097181164
27A	177	21.85410286559284	49.66796685896035
27A	178	21.854066229722154	49.66797917823031
27A	179	21.85400921064481	49.66799839169141
27A	180	21.85384731350352	49.66790661011575
27A	181	21.853669120703202	49.66775443345444
27A	182	21.85358848985599	49.66763561639533
27A	183	21.853103953124304	49.66674459024534
27A	184	21.852956071166595	49.66643986757174
27A	185	21.852787671709876	49.66601534480095
27A	186	21.852744656275757	49.665892473526
27A	187	21.852553613218735	49.66542450676067
27A	188	21.85237109350851	49.66474642773325
27A	189	21.852444497676935	49.6647375249627
27A	190	21.852185546990846	49.6638392587362
27A	191	21.852148967886283	49.66316469086503
27A	192	21.852219718913243	49.663162641548844
27A	193	21.852215695502515	49.66309091632797
27A	194	21.852393066753788	49.66307045814286
27A	195	21.852379764752353	49.66295132434637
27A	196	21.852374995016177	49.662836893409676
27A	197	21.852379764752353	49.66295132434637
27A	198	21.852374995016177	49.662836893409676
27A	199	21.852357649516996	49.66241494438168
27A	200	21.852353508739522	49.66214620891298
27A	201	21.85234008075605	49.661996054189004
27A	202	21.852326789794965	49.66184580853281
27A	203	21.852302789152933	49.661550333632945
27A	204	21.85227423518967	49.66143032295809
27A	205	21.85222597360755	49.66113367781806
27A	206	21.852102787735035	49.66061575541445
27A	207	21.852134852457077	49.660611652953065
27A	208	21.852114311717607	49.66053798113143
27A	209	21.852153300438584	49.660248246939084
27A	210	21.852209852403394	49.66025034844399
27A	211	21.852353031264723	49.66025549892455
27A	212	21.85237762986477	49.66006190340347
27A	213	21.852362754746636	49.66003503738996
27A	214	21.852324203135115	49.659992879697704
27A	215	21.852367954995263	49.65968251902974
27A	216	21.852409150831466	49.65966989694349
27A	217	21.852377568933427	49.659614380035364
27A	218	21.85238188194198	49.65955203483956
27A	219	21.852413086305223	49.65937979123612
27A	220	21.85254006546941	49.65921898146026
27A	221	21.85281136445454	49.65908129672497
27A	222	21.85313945555103	49.65898338643793
27A	223	21.853347851166102	49.65891612041572
27A	224	21.853368723333094	49.65890571588964
27A	225	21.85345440111513	49.658862552998905
27A	226	21.853539096592677	49.65882659075788
27A	227	21.85361325682705	49.658790166612434
27A	228	21.853636135541258	49.65877570091663
27A	229	21.853882038765082	49.65861976760138
27A	230	21.853985907629557	49.6584684781458
27A	231	21.85403468637342	49.65838269587603
27A	232	21.854065879292236	49.65830513595844
27A	233	21.85410664559627	49.65816519194897
27A	234	21.854108197365864	49.658158886212945
27A	235	21.854137967343377	49.65803961462117
27A	236	21.854140290264592	49.65802988629589
27A	237	21.854166347524966	49.65788051940964
27A	238	21.85413394651076	49.65773868731581
27A	239	21.854131843945435	49.65772935130953
27A	240	21.85403244576101	49.657629465780474
27A	241	21.853833239201293	49.65752492110538
27A	242	21.853808066680514	49.65731325890724
27B	0	21.853450840770925	49.65748691737464
27B	1	21.853122192518107	49.65749689247551
27B	2	21.852872037266422	49.65734596394688
27B	3	21.852783962833435	49.65718053331981
27B	4	21.852794249340793	49.656944871266624
27B	5	21.852843276917994	49.656587983556896
27B	6	21.852910649426544	49.656448653222775
27B	7	21.85294608810284	49.65615435885567
27B	8	21.85296502451838	49.65597779936356
27B	9	21.853141594692843	49.65584171072704
27B	10	21.852983639238236	49.65575907047861
27B	11	21.852998780461757	49.655611043077535
27B	12	21.85300161495586	49.65540870566893
27B	13	21.853079998911483	49.65496447049314
27B	14	21.853122284530734	49.65472920198093
27B	15	21.853140431539742	49.6546184685522
27B	16	21.853189189737666	49.65427812752952
27B	17	21.853252267992996	49.65391717952366
27B	18	21.85326410825473	49.653833917672536
27B	19	21.853462498815546	49.65364722340346
27B	20	21.85331731837228	49.65357402078558
27B	21	21.853337514183867	49.65333495851801
27B	22	21.85334097106642	49.65309700870902
27B	23	21.853373321122383	49.65277684026903
27B	24	21.85341698836524	49.652446517513255
27B	25	21.853448462312382	49.6522426201045
27B	26	21.853471091045446	49.65202395132599
27B	27	21.85351051251144	49.65162514187677
27B	28	21.853586730522988	49.651287295630894
27B	29	21.853637559775603	49.65093902611476
27B	30	21.853648084854044	49.65072521216921
27B	31	21.853673002728968	49.650542493828105
27B	32	21.85375561294663	49.65004769241804
27B	33	21.853821683491486	49.649937504584244
27B	34	21.853955599802667	49.6497790695818
27B	35	21.854235934426285	49.64963070414021
27B	36	21.85447585648829	49.64952345928992
27B	37	21.854683113916746	49.64934613875738
27B	38	21.854789799647037	49.649206696753076
27C	0	21.851660725624956	49.647858947316905
27C	1	21.85148263244132	49.64789838267171
27C	2	21.850541183977484	49.64755417050808
27C	3	21.850165718616175	49.64814814267357
27C	4	21.85020376404799	49.64816189059929
27C	5	21.850549780097044	49.64771371281654
27C	6	21.851242236524154	49.647954551090315
27D	0	21.854789799647037	49.649206696753076
27D	1	21.85521835378004	49.64929803644562
27D	2	21.855251601256796	49.64925912587831
27E	0	21.855251601256796	49.64925912587831
27E	1	21.855312002031408	49.649189172648434
27E	2	21.85534640122044	49.64915277126458
27E	3	21.85488103332953	49.648967828889596
27F	0	21.839451697316434	49.629239093941564
27F	1	21.839763311846166	49.62906248139278
27F	2	21.8397459138208	49.62904893993447
27F	3	21.839716601233825	49.62906704639824
27F	4	21.839489453086433	49.62918064269477
27F	5	21.839394497684005	49.62922134509029
27F	6	21.839357925614813	49.629235907345596
27F	7	21.838873381565815	49.62937061096554
280	0	21.838122380031482	49.629595452250534
280	1	21.836642095949347	49.63015862052184
280	2	21.836680090431326	49.63020276581507
280	3	21.837067727342028	49.6300588810846
280	4	21.837399682964207	49.6300101722282
280	5	21.838139365186123	49.63000445979523
280	6	21.8383882371098	49.62996246405479
281	0	21.850513267456563	49.647334884353896
281	1	21.850484346452582	49.64732817307159
281	2	21.850379086488484	49.647518134899876
281	3	21.84999801573656	49.648100458279025
281	4	21.850049366311126	49.64811482792428
281	5	21.85037083493511	49.64760092058764
281	6	21.850513267456563	49.647334884353896
282	0	21.85388291232322	49.656730395179686
282	1	21.853749839491464	49.65670062435838
282	2	21.85367353936459	49.65685998289436
282	3	21.85360448615316	49.65699815711683
282	4	21.85354564650474	49.657118452153384
282	5	21.85349461591277	49.657328877781175
282	6	21.853450840770925	49.65748691737464
283	0	21.853808066680514	49.65731325890724
283	1	21.85388674533411	49.65709984177523
283	2	21.85406139112233	49.65677457755966
283	3	21.853999294194555	49.656740327061776
283	4	21.85388291232322	49.656730395179686
284	0	21.792229407382514	49.62585481851993
284	1	21.79196511925074	49.62592037917347
284	2	21.791958663783976	49.62592348057066
284	3	21.792036196114058	49.62602698607073
284	4	21.792004294515426	49.62603152042227
284	5	21.792030785565885	49.62606892519563
284	6	21.79191407745195	49.626221416426404
284	7	21.791556525788035	49.62667354504447
284	8	21.791407916789638	49.626873551081836
284	9	21.791313648506694	49.627069948422374
284	10	21.791430828996948	49.62710016933451
284	11	21.79172821719197	49.62717186920892
284	12	21.791810666383196	49.627194324494944
284	13	21.791928055916596	49.62702393492173
284	14	21.79208385432301	49.62679789253164
284	15	21.79247759128633	49.62690417934447
284	16	21.79350087068967	49.62718041388703
284	17	21.793554528935157	49.62716880625385
284	18	21.79386832346747	49.627193630463175
284	19	21.794061958447475	49.627141318576626
284	20	21.79426303634176	49.627087067008375
284	21	21.794378702040586	49.62698997048224
284	22	21.794897483330367	49.62638422408404
284	23	21.795227862011433	49.625940004729934
284	24	21.795494361181273	49.62561095962478
284	25	21.79565114543963	49.62540423808754
284	26	21.79580006945489	49.62520791101313
284	27	21.795925091407174	49.62509932890279
284	28	21.795948567012754	49.625078935788515
284	29	21.796230272754308	49.62483421804795
284	30	21.79641796132779	49.624774479821696
284	31	21.79658912486052	49.624719980367075
284	32	21.796600001379712	49.624716398694886
284	33	21.796994791022957	49.624590672614126
284	34	21.797339072325965	49.62449982185989
284	35	21.797605958674932	49.624467141246996
284	36	21.79777846032505	49.62446082724703
284	37	21.798141518689306	49.62445194050299
284	38	21.798422569033114	49.624481384115434
284	39	21.798860394390722	49.62466008942476
284	40	21.799219609270832	49.6247630847276
284	41	21.799518236138024	49.624783772139494
284	42	21.799910615663503	49.62471416203811
284	43	21.79998793904679	49.62480399605794
284	44	21.80034494307723	49.624695784042196
284	45	21.800195713922708	49.62453424255961
284	46	21.801322901331144	49.62449596329314
284	47	21.801274795876434	49.62404409489042
284	48	21.80315050477976	49.624072369637396
284	49	21.803502309842333	49.62426316378099
284	50	21.803572689850405	49.62423345167365
284	51	21.80371934013826	49.62411140298106
284	52	21.80461010788413	49.62400621471734
284	53	21.805779554989844	49.62383721607949
284	54	21.80701595295378	49.62354050383321
284	55	21.807399397236193	49.62342561151561
284	56	21.80743648491094	49.62341681055894
284	57	21.80803017158847	49.62327653116207
284	58	21.808237839888736	49.623237675253286
284	59	21.808604327512935	49.62316902565248
284	60	21.808805784916885	49.623131291130015
284	61	21.810210999301653	49.62307605590473
284	62	21.810449073269826	49.62299292300545
284	63	21.810573615017198	49.6228493499083
284	64	21.81126509831496	49.62273975073387
284	65	21.811318859002995	49.622893225046106
284	66	21.811898259354933	49.622835481432084
284	67	21.811947094596466	49.62271743520499
284	68	21.81216589527352	49.622690813030985
284	69	21.81224604820734	49.622608334640994
284	70	21.813498488501775	49.622464662061184
284	71	21.813928020093165	49.62242576525438
284	72	21.81445790812966	49.622354239657604
284	73	21.815861712277947	49.6221996753058
284	74	21.816148641699936	49.62216690054049
284	75	21.816188157597153	49.62216275543297
284	76	21.81646845104447	49.62213874878701
284	77	21.816746722417555	49.62211799280598
284	78	21.81703293119668	49.622141510121175
284	79	21.817344639317465	49.62211727963148
284	80	21.817636662236975	49.62209948165773
284	81	21.81814406216149	49.62209068150819
284	82	21.818220431007152	49.62208870305678
284	83	21.81872538890209	49.62206633987369
284	84	21.81919635078692	49.62207191006621
284	85	21.81986872956076	49.62209583418056
284	86	21.820381884003236	49.622133021915296
284	87	21.820417780641137	49.622135914681586
284	88	21.821074798917014	49.622217578633105
284	89	21.821388115856973	49.62222326881804
284	90	21.822195551697934	49.62231096263683
284	91	21.82247550088162	49.62234062544072
284	92	21.822875559730516	49.6223848999083
284	93	21.82349365418597	49.62246430908534
284	94	21.82394052006458	49.6225263205914
284	95	21.82398061146599	49.62253170012556
284	96	21.824166189151054	49.62255447733427
284	97	21.82422111303795	49.62256118988825
284	98	21.824298973602897	49.62257376366112
284	99	21.82443623683736	49.6225959852616
284	100	21.824584048507447	49.622619929940974
284	101	21.824751706865907	49.62264706003521
284	102	21.824870787711323	49.62266626349827
284	103	21.825020403483247	49.62269046452251
284	104	21.82510589740799	49.62270424221599
284	105	21.82517216392273	49.62282525025693
284	106	21.825264125506664	49.62280400329782
284	107	21.825292110321342	49.622731778793
284	108	21.825576814412543	49.622780463001746
284	109	21.826016590759004	49.62288127208636
284	110	21.826396913681798	49.623002106242254
284	111	21.82643529024037	49.62301244270569
284	112	21.82669443229215	49.62312901554916
284	113	21.827093168136102	49.62356056539747
284	114	21.826889819982167	49.623984726550006
285	0	21.826494479437255	49.62426944527997
285	1	21.82725068404689	49.62440260889489
285	2	21.827376786258316	49.62451734333299
285	3	21.827678869514315	49.62461886036498
285	4	21.827878631230654	49.6246367645232
285	5	21.828167690639177	49.62463128008479
285	6	21.828411173267178	49.62457459758396
285	7	21.82864078647483	49.6244510243103
285	8	21.82874685860198	49.624363942916354
285	9	21.8289007109555	49.624237674376865
285	10	21.829051526933448	49.6241690653547
285	11	21.829411125474202	49.62411172895562
285	12	21.829422824220842	49.62409150331597
285	13	21.829426861671962	49.62410918840206
285	14	21.829474900645085	49.62410156077874
285	15	21.82991028671071	49.62418719025801
285	16	21.82985935053843	49.62426056950893
285	17	21.830328727410393	49.624407727998026
285	18	21.830366729725533	49.62435521256872
285	19	21.831369271178673	49.624834837798865
285	20	21.831358750522522	49.62484291612954
285	21	21.83132857406725	49.62486723108501
285	22	21.83138287542298	49.62489408653682
285	23	21.831372488566966	49.6249018941512
285	24	21.831223403526156	49.625023366041404
285	25	21.831262483144727	49.625042328066705
285	26	21.83131432277398	49.624997715747455
285	27	21.831490643318755	49.624947533603525
285	28	21.831732282737285	49.62506727812657
285	29	21.83169708594158	49.62516257521253
285	30	21.83164235537811	49.62526502628438
285	31	21.831608840306064	49.62534529481249
285	32	21.83160277177961	49.625444159208044
285	33	21.83160300089786	49.62548201339226
285	34	21.831613427825513	49.62554973729215
285	35	21.83162078171283	49.625680876043624
285	36	21.831592207981018	49.62603518165643
285	37	21.83274383569065	49.625684132770346
285	38	21.832824453324864	49.62566314125712
285	39	21.833196322704342	49.62591097930268
285	40	21.833340465090558	49.62601110047688
285	41	21.833396896661544	49.62604908958444
285	42	21.833867405607535	49.62636635201507
285	43	21.83388587701717	49.62648347311813
285	44	21.834010389448057	49.62656871840619
285	45	21.83441782878977	49.62659671447874
285	46	21.83502662580848	49.627115922152875
285	47	21.83531107686407	49.627252974481
285	48	21.835615215784014	49.62751316270651
285	49	21.835604552281936	49.62756952885655
285	50	21.835323489784365	49.62769555526215
285	51	21.8353317988553	49.62770385775735
285	52	21.83531230011317	49.62772117294462
285	53	21.835288707525155	49.627741934581564
285	54	21.8358953709826	49.627884303285
285	55	21.836036806064712	49.62785792486594
285	56	21.836086820274826	49.62794937077873
285	57	21.836110536097312	49.62796817236782
285	58	21.836022184128606	49.62803885719585
285	59	21.836192613211153	49.62812934349725
285	60	21.83628945804219	49.628110030750385
285	61	21.837009085659396	49.62868058017457
285	62	21.837437258287476	49.62902861660959
285	63	21.838034606986763	49.62949816609126
285	64	21.838122380031482	49.629595452250534
286	0	21.8383882371098	49.62996246405479
286	1	21.838553599369856	49.62993456051633
286	2	21.839155039410077	49.630342839857164
286	3	21.84002926284894	49.6308993913449
286	4	21.83974408316308	49.63107626238271
286	5	21.839802519786357	49.631125563578784
286	6	21.8398787907016	49.63118957196204
286	7	21.840047918551996	49.631332124987416
286	8	21.840472296720982	49.631280039105334
286	9	21.840682508635467	49.63130000339391
286	10	21.84132864651381	49.631681151031195
286	11	21.842514939493487	49.6323970893706
286	12	21.842470762059992	49.63247644946007
286	13	21.842599162339354	49.63255257539534
286	14	21.842386593366314	49.63270131933592
286	15	21.843136010029504	49.63316092375101
286	16	21.843231861783927	49.633099710316216
286	17	21.843377645211664	49.63318820747992
286	18	21.843577416489783	49.63331650477031
286	19	21.843667804179766	49.63375644802622
286	20	21.843705671715913	49.6337686707724
286	21	21.84380514407824	49.6335964707395
286	22	21.843850992127166	49.63352573017731
286	23	21.844014353370635	49.633605825886704
286	24	21.844241663947603	49.63371728628397
286	25	21.844513233153137	49.63377815880686
286	26	21.84483599418797	49.63355703158166
286	27	21.845113240546517	49.63336995523935
286	28	21.845292643267104	49.63324896360628
286	29	21.84544803424064	49.633140465917094
286	30	21.845325252975375	49.632997402543495
286	31	21.845335506425794	49.632917929399476
286	32	21.845241226136533	49.63286178911285
286	33	21.845154520710537	49.63285936487774
286	34	21.844898998826885	49.632717539768144
286	35	21.84471084922676	49.63262090127495
286	36	21.844441145740497	49.63245939649742
286	37	21.84441839464081	49.632320548013986
286	38	21.844401944456223	49.63230592131926
286	39	21.844329425367686	49.63234727335898
286	40	21.84415704622818	49.632225791283254
286	41	21.843905875793343	49.632095082178076
286	42	21.843883507770556	49.632090479532
286	43	21.843804731369083	49.63207414899906
286	44	21.843736095427182	49.63205981264102
286	45	21.84357306525	49.63196649605609
286	46	21.843170342076192	49.631749488507594
286	47	21.8428231107023	49.63154709201841
286	48	21.842639097818388	49.63144097856741
286	49	21.842470050022897	49.6313436578817
286	50	21.842301694990926	49.63124633190856
286	51	21.842158214631876	49.63116249239966
286	52	21.842013058254167	49.6310777657148
286	53	21.841833204514124	49.63097180056863
286	54	21.841559488053687	49.63079323367971
286	55	21.841416851639174	49.63071001654734
286	56	21.84117230251521	49.63058509810482
286	57	21.841067671053956	49.63052219579758
286	58	21.84094566731868	49.63044728055165
286	59	21.840834093112004	49.63037507691011
286	60	21.840258447299743	49.630002496653965
286	61	21.839561788143712	49.629507152835274
286	62	21.83955798622847	49.62931817107882
286	63	21.839451697316434	49.629239093941564
287	0	21.838873381565815	49.62937061096554
287	1	21.838813001792808	49.62926440476809
287	2	21.839075765991748	49.62920135579483
287	3	21.839261017113508	49.62913877826016
288	0	21.83930774292745	49.62912139649407
288	1	21.83926768995111	49.62907596655691
288	2	21.8392190992698	49.62909196467982
288	3	21.839050999568336	49.62890390403968
288	4	21.839038058763208	49.62889194870913
288	5	21.83876741189717	49.62875381641714
288	6	21.838521567273443	49.62862503524341
288	7	21.838301774423282	49.628497773360955
288	8	21.83824990111745	49.628467666497556
288	9	21.838215213010088	49.628422598578595
288	10	21.838167224821856	49.62836881489933
288	11	21.838100273892074	49.62842001382108
288	12	21.837839611727283	49.62821805463373
288	13	21.837439588190747	49.62791297705978
288	14	21.837194121479765	49.627725023745356
288	15	21.83713212070515	49.62767736552917
288	16	21.837157221273237	49.62756694354266
288	17	21.837079637166887	49.627506539593504
288	18	21.8370476858234	49.62748375140074
288	19	21.836831270414333	49.62749655582879
288	20	21.83682893807507	49.62740080913957
288	21	21.836825205649227	49.62727989529768
288	22	21.836823196979438	49.6272111219139
288	23	21.83682168712003	49.62716338592973
288	24	21.836550854423294	49.62732063314012
288	25	21.836405148068415	49.62720254349932
288	26	21.836251459631683	49.62720841947785
288	27	21.836140757716077	49.627121638150264
288	28	21.836025553593117	49.62689308723555
288	29	21.835772411292606	49.6266927775259
288	30	21.83555871188897	49.62637861509346
288	31	21.83562186892249	49.6263403034025
288	32	21.83545587616521	49.626225506145644
288	33	21.835360774090393	49.62622511340696
288	34	21.83511329216951	49.62606405593358
288	35	21.83490372030725	49.625918100651546
288	36	21.834656858348275	49.62574453900965
288	37	21.8344255696491	49.6255830935537
288	38	21.83420141773738	49.62542609214957
288	39	21.833951502118964	49.62525174173358
288	40	21.83372368117927	49.62509044972755
288	41	21.833566627356447	49.624931165464886
288	42	21.833520351996736	49.6249042532478
288	43	21.83311380669244	49.62466808545998
288	44	21.83261458589415	49.62442727761369
288	45	21.83277308264862	49.62425735985897
288	46	21.8327492601672	49.624248359503234
288	47	21.832697291162333	49.62422841166503
288	48	21.83264908500853	49.62420996535963
288	49	21.832186562738922	49.624221743531905
288	50	21.832044229435347	49.6241542484485
288	51	21.83164137518746	49.623963368061865
288	52	21.830847646199146	49.623609931466234
288	53	21.83045533058243	49.62342778336418
288	54	21.830478113690514	49.6233838294373
288	55	21.830420438468057	49.62337821861236
288	56	21.83033976874957	49.62337969644506
288	57	21.830235230709953	49.62318208519749
288	58	21.8303719299286	49.62292654442584
288	59	21.83055849535072	49.6226896186035
288	60	21.830977588580005	49.62231434686994
288	61	21.830945750045082	49.622094364062974
288	62	21.83070989160366	49.62185777175215
289	0	21.830422401967578	49.62179176579821
289	1	21.830268864706905	49.621800690028905
289	2	21.830089729016745	49.62174649471712
289	3	21.829732533022895	49.62193608674215
289	4	21.8295665242775	49.622120261408995
289	5	21.829459718112176	49.62226156994256
289	6	21.829352902175927	49.622402338929675
289	7	21.82930522395576	49.62243927747656
289	8	21.82915917672565	49.622478629070976
289	9	21.829117823205504	49.62251309442941
289	10	21.828626106811296	49.622549075835096
289	11	21.82820061205407	49.62241724239042
289	12	21.828171990859147	49.62238633521973
289	13	21.828170011337114	49.62235937371984
289	14	21.828113266151515	49.62233505196857
289	15	21.828088064423014	49.62236706352577
289	16	21.827925211733962	49.622264192202074
289	17	21.827787230933406	49.622273181715904
289	18	21.827347662055136	49.62210278066218
289	19	21.826931171776916	49.62198733335513
289	20	21.826732301695873	49.62195602329613
289	21	21.826687336320987	49.62194888114329
289	22	21.82668084869269	49.62196628181459
289	23	21.82565576638596	49.62174367494138
289	24	21.82520282761023	49.62165779492877
289	25	21.824713290196417	49.62160112776083
289	26	21.824634128507267	49.621568781384376
289	27	21.824593067571765	49.62156331906429
289	28	21.824573036304542	49.621590167651334
289	29	21.824102823872696	49.62152212039337
289	30	21.82370697977283	49.621464781946926
289	31	21.823341953499714	49.62141198866722
289	32	21.823000070643324	49.62136253654154
289	33	21.822854804535773	49.62134153907193
289	34	21.82268941892045	49.62131753724377
289	35	21.82255886031923	49.621298682852846
289	36	21.821822722935543	49.62123584256752
289	37	21.821675384059766	49.62122322078842
289	38	21.821501437192214	49.62121681220944
289	39	21.820936509098075	49.62119501306409
289	40	21.82089385163249	49.621193337346845
289	41	21.82031202834969	49.62117093560866
289	42	21.819607158438675	49.621181323379915
289	43	21.819113551847483	49.62119497790286
289	44	21.818687318524518	49.6212068050885
289	45	21.818655914430156	49.621207656608235
289	46	21.818187623693287	49.62122058863705
289	47	21.81805799240064	49.62122393257563
289	48	21.81774837364275	49.621232054768306
289	49	21.817696770505446	49.62123340838662
289	50	21.817673806497364	49.62118447489821
289	51	21.817627841333298	49.621191903144855
289	52	21.817615829947393	49.62119369643785
289	53	21.81752471327389	49.621108287601416
289	54	21.81743875626251	49.621256811110044
289	55	21.81713992256876	49.6212725885386
289	56	21.816836321651927	49.621292984694456
289	57	21.816594203726748	49.62130692180698
289	58	21.816539175259145	49.62131036720466
289	59	21.816404785542666	49.6213188682287
289	60	21.816366908318845	49.621263655418375
289	61	21.816207447443826	49.62127098423057
289	62	21.816148255249956	49.621273739448526
289	63	21.816080543526066	49.62136305662307
289	64	21.816090577882704	49.62143348225756
289	65	21.81575378569224	49.62153845342388
289	66	21.813934774679943	49.62173451175959
289	67	21.81113172109676	49.62211754800177
289	68	21.810955311650485	49.622062944342474
289	69	21.81073913624572	49.62208082372459
289	70	21.81048421266652	49.622115788809296
289	71	21.80997897745328	49.62207157805346
289	72	21.809848633382174	49.62207383875385
289	73	21.809810857988218	49.62207446268733
289	74	21.809217503624094	49.62221690701215
289	75	21.80834263089244	49.62242695509663
289	76	21.807796528430455	49.62251457136943
289	77	21.807420792262974	49.6225510020865
289	78	21.80722667627107	49.62256386542646
289	79	21.807029662793667	49.62257728815268
289	80	21.80693066123678	49.62258337340751
289	81	21.806670552911363	49.62259804457328
289	82	21.8062582151547	49.62263086004659
289	83	21.805925035826238	49.622662943157785
289	84	21.805906815610967	49.62265758495499
289	85	21.805860914913993	49.62265232952327
289	86	21.805795951304283	49.62264936481585
289	87	21.805780299818302	49.62264030204288
289	88	21.805705758215478	49.622694412462735
289	89	21.805480311432156	49.622712706214934
289	90	21.8050697608756	49.62276169039642
289	91	21.804762570184998	49.62280869577565
289	92	21.80456283305512	49.62284173552754
289	93	21.804385438781303	49.622869943911645
289	94	21.80407628995393	49.62291579212808
289	95	21.803767839073448	49.6229704467114
289	96	21.803589192989204	49.62300675525393
289	97	21.803405865398393	49.62305298707464
289	98	21.803257960463085	49.6230901607828
289	99	21.802847308317823	49.62318382740123
289	100	21.802382537237303	49.62325233074668
289	101	21.8023317238447	49.62325978651201
289	102	21.8017587056082	49.623327868581256
289	103	21.799721640265354	49.623494281195896
289	104	21.79915891181294	49.6235402492032
289	105	21.799143207323244	49.6235025018205
289	106	21.79912634861881	49.623461885002996
289	107	21.799114538261605	49.62343373204121
289	108	21.799212380407344	49.62337353039273
289	109	21.799127130284077	49.62331504228477
289	110	21.79906007930423	49.623269107041374
289	111	21.798998206477908	49.623226642851535
289	112	21.798572775280984	49.623492141100485
289	113	21.79842393813931	49.62347257632017
289	114	21.798225563926504	49.62344544007762
289	115	21.798096118862254	49.62342673026839
289	116	21.79791437178802	49.62340064780659
289	117	21.797738748152177	49.62337659099442
289	118	21.797627640881075	49.62336198047569
289	119	21.797168829414176	49.62330426580558
289	120	21.7966410213786	49.62321690136056
289	121	21.79617068215242	49.62303769192039
289	122	21.79575739126713	49.62276619147754
289	123	21.795580336279883	49.62263702621385
289	124	21.795299004328783	49.6224959884783
289	125	21.79553273479479	49.62218722005392
289	126	21.79537398267402	49.622136427764815
289	127	21.795335835892992	49.622122752443076
289	128	21.795153642356425	49.62206034154167
289	129	21.795170094731795	49.62203370249983
289	130	21.795420401783876	49.62162950652014
289	131	21.795345605628917	49.62160906935101
289	132	21.795062408419984	49.62153161641152
289	133	21.794994980992733	49.62151319653939
289	134	21.794463014389013	49.622198612563366
289	135	21.79414106202775	49.62218085963048
289	136	21.793918122312714	49.622183198043835
289	137	21.7938467756208	49.622196186027004
289	138	21.79378438395601	49.62218105791222
289	139	21.79360907627017	49.62217605545047
289	140	21.793299751509018	49.62210911797267
289	141	21.793287159979116	49.62213492102087
289	142	21.793278878804525	49.62215341111204
289	143	21.793269344778285	49.62217146019388
289	144	21.793258361396163	49.62219401514386
289	145	21.793415700700795	49.6222261169132
289	146	21.793473903922308	49.622315726659615
289	147	21.793318872600818	49.62243431297429
289	148	21.793173474321197	49.622600669848026
289	149	21.792906268928554	49.62297997919131
289	150	21.792889386681278	49.62300581157977
289	151	21.792700964601835	49.62319080592631
289	152	21.792254344991928	49.62347476939618
289	153	21.792231234634624	49.623483648626305
28A	0	21.792231234634624	49.623483648626305
28A	1	21.792036052396924	49.62355863927942
28B	0	21.792036052396924	49.62355863927942
28B	1	21.79179160442844	49.62365255745222
28B	2	21.791126212275103	49.62385537733856
28B	3	21.791124456407996	49.62389225601186
28B	4	21.791144845854777	49.62392907326433
28B	5	21.791320520007012	49.62407596869632
28B	6	21.791332518376553	49.624098905871435
28B	7	21.791384509630863	49.62417255356841
28B	8	21.791382927216194	49.62422867366272
28B	9	21.791365849763448	49.62429380163263
28B	10	21.791341824478405	49.62437435319212
28B	11	21.79130334731625	49.62443432222707
28B	12	21.791265138124686	49.62449374990457
28B	13	21.79120099638931	49.62461000359193
28B	14	21.791203963670515	49.624647929005896
28B	15	21.791260490343067	49.6247451943743
28B	16	21.79130773402344	49.62485897828965
28B	17	21.791338994547267	49.62499436200978
28B	18	21.791370561225694	49.62512299972342
28B	19	21.791421395411042	49.62520205042462
28B	20	21.79141963823882	49.62524738146071
28B	21	21.791410590966613	49.62526992298472
28B	22	21.791481102116833	49.625281939629815
28B	23	21.791638526030837	49.625369972665034
28B	24	21.79167074919667	49.62535968141747
28B	25	21.791803565128873	49.625329999096564
28B	26	21.792173400077505	49.62546540424632
28B	27	21.792403081710106	49.62557910811267
28B	28	21.792280068228788	49.62577795101492
28B	29	21.79225384475789	49.62581679551607
28B	30	21.792229407382514	49.62585481851993